>CCATATRCATAT	2-CCATATRCATAT	10.272209	0.000000	0	T:0.0(0.00%),B:0.8(100.00%),P:1e0
0.280	0.644	0.044	0.032
0.061	0.634	0.274	0.031
0.771	0.010	0.068	0.151
0.066	0.033	0.274	0.627
0.764	0.048	0.013	0.175
0.138	0.195	0.011	0.656
0.281	0.191	0.389	0.139
0.063	0.466	0.158	0.313
0.573	0.046	0.328	0.053
0.301	0.139	0.063	0.498
0.631	0.291	0.026	0.052
0.157	0.036	0.068	0.739
