>GGGGGGGGGGGG	4-GGGGGGGGGGGG	12.596764	0.000000	0	T:348.0(26.54%),B:0.8(100.00%),P:1e0
0.054	0.040	0.709	0.197
0.038	0.039	0.723	0.200
0.015	0.031	0.778	0.176
0.010	0.025	0.787	0.178
0.008	0.026	0.792	0.174
0.003	0.022	0.825	0.150
0.007	0.016	0.824	0.153
0.008	0.020	0.822	0.150
0.007	0.022	0.816	0.155
0.007	0.020	0.830	0.143
0.008	0.021	0.824	0.147
0.008	0.020	0.818	0.154
