>GGGGGGGGGG	1-GGGGGGGGGG	11.651852	0.000000	0	T:189.0(18.39%),B:0.8(100.00%),P:1e0	Tpos:83.7,Tstd:12.6,Bpos:3905812.8,Bstd:999872.8,StrandBias:5.0,Multiplicity:1.06
0.024	0.038	0.726	0.212
0.010	0.028	0.749	0.213
0.008	0.019	0.786	0.187
0.007	0.019	0.800	0.174
0.011	0.017	0.808	0.164
0.010	0.015	0.816	0.159
0.012	0.012	0.831	0.145
0.007	0.016	0.838	0.139
0.005	0.015	0.828	0.152
0.007	0.015	0.843	0.135
>KGGGGGGGGG	2-KGGGGGGGGG	8.998305	0.000000	0	T:214.0(20.82%),B:0.8(100.00%),P:1e0	Tpos:85.9,Tstd:8.8,Bpos:0.0,Bstd:0.0,StrandBias:10.0,Multiplicity:1.03
0.113	0.052	0.476	0.359
0.039	0.060	0.629	0.272
0.022	0.031	0.638	0.309
0.030	0.026	0.620	0.324
0.019	0.059	0.614	0.308
0.038	0.027	0.671	0.264
0.001	0.030	0.693	0.276
0.001	0.024	0.759	0.216
0.028	0.017	0.698	0.257
0.052	0.044	0.571	0.333
>GKGGGGGGGG	3-GKGGGGGGGG	7.434288	0.000000	0	T:224.0(21.79%),B:0.8(100.00%),P:1e0	Tpos:82.4,Tstd:14.4,Bpos:2991259.0,Bstd:323414.3,StrandBias:10.0,Multiplicity:1.05
0.209	0.134	0.419	0.238
0.096	0.051	0.484	0.370
0.042	0.030	0.634	0.294
0.040	0.055	0.574	0.331
0.106	0.086	0.577	0.231
0.086	0.088	0.538	0.288
0.103	0.073	0.534	0.290
0.074	0.076	0.527	0.323
0.040	0.055	0.585	0.320
0.024	0.080	0.560	0.336
>KGGKGGGGGK	4-KGGKGGGGGK	7.598382	0.000000	0	T:239.0(23.25%),B:0.8(100.00%),P:1e0	Tpos:82.8,Tstd:8.1,Bpos:2368942.0,Bstd:1785569.4,StrandBias:4.6,Multiplicity:1.13
0.189	0.074	0.406	0.330
0.117	0.100	0.501	0.282
0.008	0.053	0.603	0.336
0.061	0.075	0.477	0.388
0.026	0.014	0.614	0.346
0.122	0.039	0.555	0.284
0.018	0.078	0.610	0.294
0.015	0.048	0.610	0.327
0.009	0.095	0.596	0.300
0.018	0.029	0.529	0.424
>CKCATCCGGC	5-CKCATCCGGC	11.150503	0.000000	0	T:48.0(4.67%),B:0.8(100.00%),P:1e0	Tpos:53.7,Tstd:25.2,Bpos:2414381.5,Bstd:1148612.5,StrandBias:-0.2,Multiplicity:1.02
0.067	0.741	0.008	0.184
0.017	0.001	0.553	0.429
0.030	0.586	0.001	0.383
0.925	0.001	0.001	0.073
0.010	0.029	0.287	0.674
0.029	0.921	0.039	0.011
0.023	0.837	0.002	0.138
0.032	0.026	0.782	0.160
0.004	0.005	0.949	0.042
0.155	0.775	0.031	0.039
