>GGGGGGGG	1-GGGGGGGG	10.566975	0.000000	0	T:238.0(23.15%),B:0.8(100.00%),P:1e0	Tpos:84.4,Tstd:12.4,Bpos:3800058.6,Bstd:1054687.1,StrandBias:4.9,Multiplicity:1.16
0.004	0.014	0.917	0.065
0.002	0.009	0.924	0.065
0.002	0.009	0.932	0.057
0.002	0.007	0.934	0.057
0.002	0.006	0.936	0.056
0.001	0.005	0.949	0.045
0.002	0.006	0.947	0.045
0.001	0.008	0.955	0.036
>CCCACACC	2-CCCACACC	8.795783	0.000000	0	T:73.0(7.10%),B:0.8(100.00%),P:1e0	Tpos:80.4,Tstd:11.6,Bpos:1919886.6,Bstd:1045832.1,StrandBias:-3.7,Multiplicity:1.06
0.155	0.752	0.033	0.060
0.138	0.788	0.029	0.045
0.100	0.826	0.039	0.035
0.616	0.272	0.052	0.060
0.094	0.835	0.054	0.017
0.644	0.240	0.069	0.047
0.139	0.789	0.039	0.033
0.141	0.788	0.029	0.042
>KGGGGGGG	3-KGGGGGGG	8.633933	0.000000	0	T:258.0(25.10%),B:0.8(100.00%),P:1e0	Tpos:81.8,Tstd:12.7,Bpos:2651324.0,Bstd:1321340.5,StrandBias:5.6,Multiplicity:1.09
0.035	0.040	0.530	0.395
0.014	0.026	0.827	0.133
0.030	0.030	0.802	0.138
0.034	0.026	0.796	0.144
0.059	0.038	0.766	0.137
0.068	0.025	0.768	0.139
0.023	0.026	0.834	0.117
0.026	0.043	0.838	0.093
>KGGKGGGG	4-KGGKGGGG	6.995411	0.000000	0	T:275.0(26.75%),B:0.8(100.00%),P:1e0	Tpos:81.8,Tstd:8.4,Bpos:2116055.9,Bstd:955684.9,StrandBias:5.5,Multiplicity:1.38
0.111	0.093	0.472	0.324
0.007	0.074	0.590	0.329
0.065	0.008	0.653	0.274
0.001	0.006	0.561	0.432
0.019	0.001	0.635	0.345
0.026	0.001	0.712	0.261
0.001	0.001	0.669	0.329
0.060	0.001	0.701	0.238
>GCATCTGG	5-GCATCTGG	8.814980	0.000000	0	T:5.0(0.49%),B:0.8(100.00%),P:1e0	Tpos:49.6,Tstd:36.0,Bpos:2336746.9,Bstd:1115506.2,StrandBias:0.6,Multiplicity:1.00
0.057	0.089	0.795	0.059
0.076	0.813	0.063	0.048
0.771	0.087	0.056	0.086
0.166	0.056	0.113	0.665
0.038	0.831	0.062	0.069
0.089	0.083	0.100	0.728
0.030	0.125	0.791	0.054
0.062	0.101	0.648	0.189
