>CCGATCGTKGTC	1-CCGATCGTKGTC	15.927174	0.000000	0	T:27.0(2.69%),B:0.8(100.00%),P:1e0	Tpos:30.0,Tstd:11.2,Bpos:1255.0,Bstd:0.0,StrandBias:10.0,Multiplicity:1.00
0.001	0.997	0.001	0.001
0.001	0.997	0.001	0.001
0.001	0.001	0.997	0.001
0.997	0.001	0.001	0.001
0.001	0.001	0.001	0.997
0.001	0.997	0.001	0.001
0.001	0.001	0.997	0.001
0.001	0.001	0.001	0.997
0.001	0.001	0.509	0.489
0.001	0.001	0.997	0.001
0.001	0.001	0.001	0.997
0.001	0.997	0.001	0.001
>TTGCTGGCSTTT	2-TTGCTGGCSTTT	13.139488	0.000000	0	T:12.0(1.20%),B:0.8(100.00%),P:1e0	Tpos:33.8,Tstd:9.2,Bpos:2135.0,Bstd:0.0,StrandBias:10.0,Multiplicity:1.00
0.098	0.129	0.003	0.770
0.073	0.090	0.061	0.776
0.078	0.275	0.633	0.014
0.096	0.790	0.002	0.112
0.056	0.077	0.140	0.727
0.001	0.087	0.841	0.071
0.001	0.146	0.786	0.067
0.062	0.904	0.033	0.001
0.040	0.408	0.403	0.150
0.009	0.029	0.116	0.846
0.008	0.021	0.003	0.968
0.013	0.066	0.222	0.699
>TACACCGAACTG	3-TACACCGAACTG	12.355432	0.000000	0	T:33.0(3.29%),B:0.8(100.00%),P:1e0	Tpos:25.8,Tstd:11.2,Bpos:2401.0,Bstd:0.0,StrandBias:10.0,Multiplicity:1.00
0.100	0.100	0.100	0.700
0.700	0.100	0.100	0.100
0.100	0.700	0.100	0.100
0.700	0.100	0.100	0.100
0.100	0.700	0.100	0.100
0.100	0.700	0.100	0.100
0.100	0.100	0.700	0.100
0.700	0.100	0.100	0.100
0.700	0.100	0.100	0.100
0.100	0.700	0.100	0.100
0.100	0.100	0.100	0.700
0.100	0.100	0.700	0.100
>WGCAGAATGCCA	4-WGCAGAATGCCA	12.966113	0.000000	0	T:24.0(2.40%),B:0.8(100.00%),P:1e0	Tpos:22.1,Tstd:11.3,Bpos:1285.0,Bstd:0.0,StrandBias:10.0,Multiplicity:1.00
0.389	0.001	0.091	0.519
0.002	0.104	0.881	0.013
0.064	0.754	0.139	0.043
0.683	0.108	0.133	0.076
0.183	0.027	0.682	0.108
0.781	0.149	0.050	0.020
0.933	0.022	0.001	0.044
0.187	0.090	0.046	0.677
0.048	0.088	0.861	0.003
0.112	0.749	0.084	0.055
0.117	0.770	0.111	0.002
0.648	0.001	0.204	0.147
>ATCGCCGTGAAG	5-ATCGCCGTGAAG	16.557484	0.000000	0	T:23.0(2.30%),B:0.8(100.00%),P:1e0	Tpos:33.4,Tstd:6.8,Bpos:1582.0,Bstd:0.0,StrandBias:10.0,Multiplicity:1.00
0.997	0.001	0.001	0.001
0.001	0.001	0.001	0.997
0.001	0.997	0.001	0.001
0.001	0.001	0.997	0.001
0.001	0.997	0.001	0.001
0.001	0.997	0.001	0.001
0.001	0.001	0.956	0.042
0.001	0.001	0.001	0.997
0.001	0.001	0.997	0.001
0.997	0.001	0.001	0.001
0.997	0.001	0.001	0.001
0.001	0.001	0.997	0.001
