>GGGGGGGGGGGG	1-GGGGGGGGGGGG	11.038533	0.000000	0	T:10.0(1.46%),B:0.8(100.00%),P:1e0
0.237	0.139	0.435	0.188
0.112	0.046	0.646	0.196
0.104	0.091	0.645	0.160
0.104	0.070	0.684	0.142
0.081	0.132	0.726	0.061
0.173	0.062	0.637	0.128
0.184	0.088	0.589	0.139
0.238	0.082	0.568	0.112
0.141	0.043	0.670	0.146
0.176	0.080	0.679	0.065
0.114	0.038	0.747	0.101
0.119	0.158	0.569	0.154
