>CATATGTGTATC	5-GATACACATATG	11.162926	0.000000	0	T:0.0(0.00%),B:0.8(100.00%),P:1e0
0.125	0.776	0.098	0.001
0.852	0.049	0.098	0.001
0.001	0.352	0.001	0.646
0.495	0.103	0.293	0.109
0.010	0.048	0.001	0.941
0.110	0.195	0.694	0.001
0.001	0.001	0.290	0.708
0.184	0.028	0.787	0.001
0.255	0.001	0.237	0.507
0.642	0.303	0.051	0.004
0.001	0.098	0.299	0.602
0.060	0.554	0.288	0.098
