>GGGGGGGG	1-GGGGGGGG	8.236954	0.000000	0	T:465.0(35.47%),B:0.8(100.00%),P:1e0	Tpos:84.8,Tstd:10.0,Bpos:3800058.6,Bstd:1054772.4,StrandBias:5.3,Multiplicity:1.25
0.100	0.100	0.700	0.100
0.100	0.100	0.700	0.100
0.100	0.100	0.700	0.100
0.100	0.100	0.700	0.100
0.100	0.100	0.700	0.100
0.100	0.100	0.700	0.100
0.100	0.100	0.700	0.100
0.100	0.100	0.700	0.100
>GKGGGGGG	2-GKGGGGGG	8.634981	0.000000	0	T:516.0(39.36%),B:0.8(100.00%),P:1e0	Tpos:81.4,Tstd:13.8,Bpos:2193887.5,Bstd:1245001.6,StrandBias:10.0,Multiplicity:1.25
0.029	0.051	0.826	0.094
0.026	0.070	0.506	0.398
0.010	0.029	0.838	0.123
0.023	0.076	0.737	0.164
0.014	0.042	0.786	0.158
0.008	0.040	0.829	0.123
0.030	0.023	0.798	0.149
0.022	0.060	0.813	0.105
>CACGTATG	3-CACGTATG	8.690361	0.000000	0	T:41.0(3.13%),B:0.8(100.00%),P:1e0	Tpos:20.7,Tstd:9.7,Bpos:2307972.3,Bstd:1010889.6,StrandBias:10.0,Multiplicity:1.00
0.163	0.554	0.223	0.060
0.802	0.032	0.069	0.097
0.107	0.828	0.040	0.025
0.260	0.036	0.649	0.055
0.036	0.021	0.072	0.871
0.540	0.177	0.223	0.060
0.034	0.012	0.036	0.918
0.018	0.019	0.880	0.083
>CATAHGTS	4-CATAHGTS	7.091607	0.000000	0	T:1.0(0.08%),B:0.8(100.00%),P:1e0	Tpos:40.0,Tstd:0.0,Bpos:1961553.1,Bstd:1224372.2,StrandBias:-10.0,Multiplicity:1.00
0.001	0.858	0.140	0.001
0.841	0.033	0.125	0.001
0.001	0.204	0.185	0.610
0.647	0.351	0.001	0.001
0.380	0.299	0.089	0.233
0.001	0.257	0.741	0.001
0.316	0.165	0.024	0.495
0.135	0.462	0.360	0.043
>ATATVYMG	5-ATATVYMG	7.833251	0.000000	0	T:5.0(0.38%),B:0.8(100.00%),P:1e0	Tpos:36.8,Tstd:9.4,Bpos:2237408.9,Bstd:1136305.3,StrandBias:0.6,Multiplicity:1.00
0.675	0.001	0.299	0.025
0.001	0.014	0.001	0.984
0.997	0.001	0.001	0.001
0.001	0.001	0.001	0.997
0.275	0.393	0.331	0.001
0.001	0.433	0.273	0.293
0.520	0.478	0.001	0.001
0.001	0.001	0.659	0.339
>ATATGHNT	6-ATATGHNT	6.452692	0.000000	0	T:4.0(0.31%),B:0.8(100.00%),P:1e0	Tpos:12.8,Tstd:0.4,Bpos:2103593.6,Bstd:1262907.8,StrandBias:1.6,Multiplicity:1.00
0.845	0.001	0.034	0.120
0.071	0.049	0.139	0.741
0.672	0.074	0.120	0.134
0.057	0.114	0.047	0.782
0.049	0.343	0.576	0.032
0.232	0.346	0.192	0.230
0.243	0.278	0.230	0.249
0.262	0.001	0.206	0.531
>CATATGTG	7-CATATGTG	9.015458	0.000000	0	T:219.0(16.70%),B:0.8(100.00%),P:1e0	Tpos:35.2,Tstd:8.9,Bpos:2504795.9,Bstd:1210916.3,StrandBias:-7.8,Multiplicity:1.00
0.001	0.594	0.404	0.001
0.997	0.001	0.001	0.001
0.001	0.001	0.001	0.997
0.997	0.001	0.001	0.001
0.001	0.001	0.001	0.997
0.307	0.075	0.613	0.005
0.034	0.050	0.309	0.607
0.173	0.219	0.575	0.033
>AYKTCAKA	8-AYKTCAKA	6.606339	0.000000	0	T:58.0(4.42%),B:0.8(100.00%),P:1e0	Tpos:47.2,Tstd:10.1,Bpos:2362004.2,Bstd:1156816.7,StrandBias:-5.8,Multiplicity:1.00
0.963	0.016	0.020	0.001
0.250	0.412	0.001	0.337
0.016	0.198	0.457	0.328
0.222	0.213	0.148	0.417
0.151	0.527	0.321	0.001
0.667	0.001	0.001	0.331
0.001	0.186	0.387	0.426
0.997	0.001	0.001	0.001
>AKCAKAMG	9-AKCAKAMG	6.405500	0.000000	0	T:2.0(0.15%),B:0.8(100.00%),P:1e0	Tpos:57.5,Tstd:0.5,Bpos:2272871.2,Bstd:1040289.2,StrandBias:0.0,Multiplicity:1.00
0.545	0.109	0.103	0.243
0.144	0.043	0.418	0.395
0.345	0.633	0.008	0.014
0.598	0.086	0.245	0.071
0.027	0.175	0.379	0.419
0.773	0.117	0.054	0.056
0.397	0.465	0.025	0.113
0.048	0.037	0.711	0.204
>TCAKACGW	10-TCAKACGW	7.444621	0.000000	0	T:230.0(17.54%),B:0.8(100.00%),P:1e0	Tpos:27.2,Tstd:23.6,Bpos:2177627.4,Bstd:1186727.9,StrandBias:-10.0,Multiplicity:1.00
0.024	0.088	0.323	0.565
0.241	0.713	0.045	0.001
0.646	0.025	0.003	0.326
0.001	0.204	0.417	0.379
0.886	0.014	0.001	0.099
0.179	0.804	0.009	0.008
0.033	0.038	0.702	0.227
0.389	0.115	0.014	0.481
>AKMAGAMK	11-AKMAGAMK	6.991440	0.000000	0	T:63.0(4.81%),B:0.8(100.00%),P:1e0	Tpos:53.6,Tstd:19.6,Bpos:2422694.6,Bstd:1260039.0,StrandBias:-1.2,Multiplicity:1.04
0.598	0.001	0.001	0.400
0.001	0.001	0.435	0.563
0.498	0.420	0.081	0.001
0.739	0.001	0.259	0.001
0.001	0.167	0.548	0.284
0.826	0.001	0.137	0.036
0.465	0.533	0.001	0.001
0.001	0.001	0.555	0.443
>TCTTCCKA	12-TCTTCCKA	8.748950	0.000000	0	T:221.0(16.86%),B:0.8(100.00%),P:1e0	Tpos:24.2,Tstd:34.2,Bpos:2461403.4,Bstd:1160826.7,StrandBias:-10.0,Multiplicity:1.00
0.001	0.001	0.001	0.997
0.404	0.594	0.001	0.001
0.001	0.001	0.001	0.997
0.001	0.028	0.156	0.815
0.128	0.870	0.001	0.001
0.001	0.695	0.001	0.303
0.001	0.001	0.570	0.428
0.580	0.298	0.104	0.018
