>CCCCCCCCCC	1-CCCCCCCCCC	8.721820	0.000000	0	T:11.0(1.32%),B:0.8(100.00%),P:1e0	Tpos:40.6,Tstd:2.9,Bpos:3905813.1,Bstd:999884.3,StrandBias:-6.0,Multiplicity:1.00
0.173	0.604	0.099	0.124
0.175	0.652	0.013	0.160
0.222	0.586	0.047	0.145
0.157	0.583	0.038	0.222
0.140	0.613	0.082	0.165
0.176	0.612	0.042	0.170
0.235	0.514	0.105	0.146
0.124	0.652	0.087	0.137
0.182	0.568	0.165	0.085
0.168	0.609	0.091	0.132
>AMGMGCAMAC	2-AMGMGCAMAC	9.597600	0.000000	0	T:0.0(0.00%),B:0.8(100.00%),P:1e0	Tpos:0.0,Tstd:0.0,Bpos:2365794.9,Bstd:926449.4,StrandBias:0.0,Multiplicity:1.00
0.628	0.190	0.127	0.055
0.397	0.355	0.001	0.247
0.001	0.091	0.830	0.078
0.469	0.475	0.001	0.055
0.011	0.001	0.842	0.146
0.138	0.845	0.001	0.016
0.997	0.001	0.001	0.001
0.498	0.500	0.001	0.001
0.495	0.055	0.338	0.113
0.174	0.814	0.011	0.001
>CGCGCAAGCA	3-CGCGCAAGCA	11.823032	0.000000	0	T:114.0(13.64%),B:0.8(100.00%),P:1e0	Tpos:36.3,Tstd:2.9,Bpos:2336869.4,Bstd:1092807.0,StrandBias:10.0,Multiplicity:1.00
0.266	0.732	0.001	0.001
0.001	0.078	0.806	0.115
0.158	0.840	0.001	0.001
0.107	0.001	0.832	0.060
0.046	0.952	0.001	0.001
0.858	0.089	0.001	0.052
0.816	0.001	0.182	0.001
0.001	0.001	0.914	0.084
0.125	0.873	0.001	0.001
0.593	0.185	0.126	0.096
>AGACGTGTGC	4-AGACGTGTGC	11.501101	0.000000	0	T:74.0(8.85%),B:0.0(0.00%),P:1e0	Tpos:14.9,Tstd:5.6,Bpos:0.0,Bstd:0.0,StrandBias:-10.0,Multiplicity:1.00
0.879	0.030	0.001	0.090
0.002	0.331	0.656	0.011
0.766	0.097	0.001	0.136
0.076	0.855	0.068	0.001
0.001	0.021	0.884	0.094
0.018	0.002	0.002	0.978
0.096	0.267	0.634	0.003
0.060	0.001	0.001	0.938
0.001	0.068	0.889	0.042
0.375	0.546	0.011	0.068
>GATCWCAAGT	5-GATCWCAAGT	10.156709	0.000000	0	T:0.0(0.00%),B:0.8(100.00%),P:1e0	Tpos:0.0,Tstd:0.0,Bpos:2680370.8,Bstd:885242.4,StrandBias:0.0,Multiplicity:1.00
0.001	0.122	0.830	0.047
0.711	0.093	0.047	0.149
0.302	0.053	0.095	0.550
0.279	0.711	0.001	0.009
0.332	0.001	0.210	0.457
0.039	0.661	0.197	0.103
0.937	0.053	0.001	0.009
0.546	0.363	0.090	0.001
0.001	0.001	0.997	0.001
0.307	0.001	0.001	0.691
>KGAGTKCAGT	6-KGAGTKCAGT	9.038825	0.000000	0	T:0.0(0.00%),B:0.8(100.00%),P:1e0	Tpos:0.0,Tstd:0.0,Bpos:1096110.5,Bstd:122542.7,StrandBias:0.0,Multiplicity:1.00
0.034	0.001	0.538	0.427
0.215	0.078	0.562	0.145
0.743	0.041	0.215	0.001
0.118	0.347	0.534	0.001
0.195	0.001	0.055	0.749
0.085	0.221	0.384	0.311
0.084	0.559	0.295	0.062
0.872	0.041	0.001	0.086
0.001	0.116	0.736	0.147
0.234	0.097	0.020	0.649
>CMCCCCACGC	7-CMCCCCACGC	9.511766	0.000000	0	T:0.0(0.00%),B:0.8(100.00%),P:1e0	Tpos:0.0,Tstd:0.0,Bpos:2772582.0,Bstd:0.0,StrandBias:0.0,Multiplicity:1.00
0.257	0.707	0.035	0.001
0.391	0.506	0.054	0.049
0.301	0.697	0.001	0.001
0.010	0.618	0.122	0.250
0.183	0.815	0.001	0.001
0.148	0.850	0.001	0.001
0.689	0.309	0.001	0.001
0.001	0.621	0.267	0.111
0.153	0.238	0.427	0.183
0.124	0.661	0.154	0.061
>ACTCCAGTCA	8-ACTCCAGTCA	10.313097	0.000000	0	T:54.0(6.46%),B:0.8(100.00%),P:1e0	Tpos:27.0,Tstd:5.8,Bpos:2617412.0,Bstd:1111885.6,StrandBias:5.7,Multiplicity:1.00
0.570	0.100	0.113	0.217
0.103	0.690	0.056	0.151
0.087	0.160	0.121	0.632
0.061	0.749	0.100	0.090
0.090	0.801	0.052	0.057
0.789	0.071	0.052	0.088
0.047	0.123	0.707	0.123
0.098	0.084	0.148	0.670
0.089	0.781	0.083	0.047
0.660	0.093	0.129	0.118
>GATCWGAMGW	9-GATCWGAMGW	8.840454	0.000000	0	T:0.0(0.00%),B:0.8(100.00%),P:1e0	Tpos:0.0,Tstd:0.0,Bpos:2167157.3,Bstd:1169375.4,StrandBias:0.0,Multiplicity:1.00
0.004	0.083	0.871	0.042
0.499	0.091	0.131	0.279
0.275	0.041	0.155	0.529
0.044	0.818	0.083	0.055
0.375	0.052	0.135	0.438
0.043	0.316	0.624	0.017
0.647	0.265	0.083	0.005
0.386	0.507	0.075	0.032
0.172	0.022	0.783	0.023
0.373	0.030	0.098	0.499
>GATCAGAMGT	10-GATCAGAMGT	10.101998	0.000000	0	T:0.0(0.00%),B:0.8(100.00%),P:1e0	Tpos:0.0,Tstd:0.0,Bpos:1509312.3,Bstd:996303.5,StrandBias:0.0,Multiplicity:1.00
0.001	0.001	0.957	0.041
0.674	0.001	0.086	0.239
0.211	0.001	0.220	0.568
0.335	0.663	0.001	0.001
0.710	0.001	0.140	0.149
0.086	0.231	0.594	0.089
0.824	0.010	0.164	0.002
0.494	0.503	0.002	0.001
0.001	0.001	0.871	0.127
0.357	0.013	0.001	0.629
>GGGGGGGGGG	11-GGGGGGGGGG	8.957344	0.000000	0	T:14.0(1.67%),B:0.8(100.00%),P:1e0	Tpos:42.0,Tstd:2.2,Bpos:2991259.0,Bstd:323417.9,StrandBias:10.0,Multiplicity:1.00
0.086	0.172	0.605	0.137
0.029	0.132	0.524	0.315
0.033	0.167	0.637	0.163
0.071	0.029	0.713	0.187
0.101	0.056	0.649	0.194
0.176	0.029	0.621	0.174
0.036	0.069	0.688	0.207
0.225	0.068	0.537	0.170
0.045	0.025	0.761	0.169
0.011	0.065	0.755	0.169
>GADRRGRRGA	12-GADRRGRRGA	8.690443	0.000000	0	T:3.0(0.36%),B:0.8(100.00%),P:1e0	Tpos:26.7,Tstd:10.4,Bpos:1689582.9,Bstd:907293.6,StrandBias:10.0,Multiplicity:1.00
0.001	0.001	0.815	0.183
0.942	0.001	0.056	0.001
0.390	0.024	0.292	0.294
0.341	0.193	0.464	0.001
0.411	0.001	0.538	0.050
0.192	0.022	0.715	0.071
0.423	0.150	0.426	0.001
0.494	0.071	0.434	0.001
0.173	0.220	0.606	0.001
0.832	0.050	0.117	0.001
