>CCCCCCCC	1-CCCCCCCC	8.824140	0.000000	0	T:23.0(2.75%),B:0.8(100.00%),P:1e0	Tpos:40.6,Tstd:4.1,Bpos:3800058.9,Bstd:1054699.1,StrandBias:-5.1,Multiplicity:1.13
0.070	0.831	0.043	0.056
0.122	0.722	0.038	0.118
0.073	0.762	0.038	0.127
0.103	0.760	0.035	0.102
0.093	0.743	0.097	0.067
0.114	0.765	0.043	0.078
0.149	0.702	0.095	0.054
0.149	0.748	0.054	0.049
>TCRCRCGT	2-TCRCRCGT	7.231022	0.000000	0	T:8.0(0.96%),B:0.8(100.00%),P:1e0	Tpos:16.1,Tstd:9.0,Bpos:2223162.0,Bstd:1064221.8,StrandBias:10.0,Multiplicity:1.00
0.016	0.092	0.126	0.766
0.001	0.690	0.209	0.100
0.466	0.045	0.458	0.031
0.097	0.690	0.208	0.005
0.447	0.040	0.433	0.079
0.131	0.574	0.115	0.180
0.143	0.051	0.759	0.047
0.241	0.115	0.007	0.637
>GACKTSTG	3-GACKTSTG	7.816745	0.000000	0	T:88.0(10.53%),B:0.8(100.00%),P:1e0	Tpos:14.9,Tstd:6.2,Bpos:2535692.6,Bstd:1078442.4,StrandBias:-10.0,Multiplicity:1.00
0.079	0.117	0.736	0.068
0.890	0.018	0.055	0.037
0.132	0.731	0.082	0.055
0.022	0.068	0.462	0.448
0.073	0.024	0.125	0.778
0.046	0.431	0.465	0.058
0.387	0.024	0.031	0.558
0.001	0.013	0.848	0.138
>CGCAWGHC	4-CGCAWGHC	7.151652	0.000000	0	T:0.0(0.00%),B:0.8(100.00%),P:1e0	Tpos:0.0,Tstd:0.0,Bpos:2164326.2,Bstd:1064375.2,StrandBias:0.0,Multiplicity:1.00
0.048	0.826	0.095	0.031
0.003	0.151	0.522	0.324
0.003	0.978	0.018	0.001
0.583	0.100	0.315	0.002
0.482	0.163	0.005	0.349
0.001	0.040	0.841	0.118
0.251	0.226	0.169	0.354
0.302	0.552	0.001	0.145
>NCAMGCAH	5-NCAMGCAH	5.840321	0.000000	0	T:0.0(0.00%),B:0.8(100.00%),P:1e0	Tpos:0.0,Tstd:0.0,Bpos:1905607.9,Bstd:1000733.1,StrandBias:0.0,Multiplicity:1.00
0.347	0.238	0.208	0.207
0.081	0.633	0.211	0.075
0.623	0.041	0.245	0.091
0.327	0.358	0.129	0.186
0.089	0.058	0.725	0.128
0.097	0.761	0.080	0.062
0.477	0.096	0.227	0.200
0.262	0.407	0.074	0.257
>KCVMGTSN	6-KCVMGTSN	5.280413	0.000000	0	T:0.0(0.00%),B:0.8(100.00%),P:1e0	Tpos:0.0,Tstd:0.0,Bpos:2194381.1,Bstd:1230678.2,StrandBias:0.0,Multiplicity:1.00
0.081	0.093	0.359	0.467
0.035	0.717	0.211	0.037
0.219	0.315	0.317	0.149
0.415	0.468	0.046	0.071
0.037	0.226	0.702	0.035
0.081	0.150	0.069	0.700
0.193	0.400	0.269	0.138
0.307	0.265	0.167	0.261
>NGCKTGWS	7-NGCKTGWS	5.546366	0.000000	0	T:0.0(0.00%),B:0.8(100.00%),P:1e0	Tpos:0.0,Tstd:0.0,Bpos:2449443.4,Bstd:1249508.7,StrandBias:0.0,Multiplicity:1.00
0.302	0.224	0.230	0.244
0.138	0.085	0.639	0.138
0.080	0.780	0.088	0.052
0.198	0.059	0.342	0.401
0.044	0.288	0.131	0.537
0.076	0.186	0.687	0.051
0.264	0.209	0.141	0.386
0.145	0.356	0.455	0.044
>KAGCAAGA	8-KAGCAAGA	8.594859	0.000000	0	T:0.0(0.00%),B:0.8(100.00%),P:1e0	Tpos:0.0,Tstd:0.0,Bpos:2406728.2,Bstd:1144274.2,StrandBias:0.0,Multiplicity:1.00
0.077	0.001	0.513	0.409
0.756	0.242	0.001	0.001
0.001	0.001	0.997	0.001
0.001	0.583	0.415	0.001
0.716	0.001	0.282	0.001
0.700	0.001	0.001	0.298
0.001	0.001	0.997	0.001
0.732	0.266	0.001	0.001
>CRMGAGCA	9-CRMGAGCA	7.819722	0.000000	0	T:2.0(0.24%),B:0.8(100.00%),P:1e0	Tpos:19.0,Tstd:0.0,Bpos:2146487.3,Bstd:1144929.0,StrandBias:10.0,Multiplicity:1.00
0.033	0.698	0.208	0.061
0.359	0.048	0.376	0.216
0.357	0.419	0.202	0.022
0.204	0.166	0.629	0.001
0.876	0.109	0.014	0.001
0.037	0.001	0.938	0.024
0.101	0.821	0.077	0.001
0.814	0.128	0.057	0.001
>RCKCMAGN	10-RCKCMAGN	5.907416	0.000000	0	T:15.0(1.79%),B:0.8(100.00%),P:1e0	Tpos:28.8,Tstd:13.3,Bpos:2284422.4,Bstd:1094142.9,StrandBias:-2.0,Multiplicity:1.00
0.405	0.097	0.281	0.217
0.086	0.782	0.078	0.054
0.191	0.099	0.372	0.337
0.088	0.649	0.257	0.006
0.485	0.513	0.001	0.001
0.762	0.116	0.039	0.083
0.091	0.060	0.630	0.219
0.232	0.298	0.236	0.234
>CKSGAGCT	11-CKSGAGCT	6.490919	0.000000	0	T:2.0(0.24%),B:0.8(100.00%),P:1e0	Tpos:28.0,Tstd:6.0,Bpos:2242594.8,Bstd:1125057.1,StrandBias:-10.0,Multiplicity:1.00
0.061	0.623	0.130	0.186
0.187	0.149	0.293	0.371
0.010	0.336	0.422	0.232
0.119	0.270	0.571	0.040
0.633	0.264	0.043	0.060
0.032	0.039	0.836	0.093
0.075	0.688	0.041	0.196
0.288	0.075	0.141	0.496
>CGCGCCWG	12-CGCGCCWG	6.225204	0.000000	0	T:8.0(0.96%),B:0.8(100.00%),P:1e0	Tpos:19.8,Tstd:12.7,Bpos:2240467.3,Bstd:1124893.6,StrandBias:0.7,Multiplicity:1.00
0.227	0.474	0.090	0.209
0.129	0.154	0.645	0.072
0.109	0.695	0.031	0.165
0.134	0.181	0.513	0.172
0.114	0.480	0.172	0.234
0.157	0.581	0.198	0.064
0.445	0.058	0.157	0.339
0.081	0.229	0.570	0.120
>CGCGACWG	13-CGCGACWG	8.009764	0.000000	0	T:1.0(0.12%),B:0.8(100.00%),P:1e0	Tpos:44.0,Tstd:0.0,Bpos:2234871.8,Bstd:1109606.5,StrandBias:10.0,Multiplicity:1.00
0.163	0.835	0.001	0.001
0.001	0.001	0.997	0.001
0.001	0.868	0.001	0.130
0.090	0.100	0.809	0.001
0.455	0.208	0.122	0.215
0.182	0.531	0.286	0.001
0.340	0.001	0.187	0.472
0.001	0.309	0.689	0.001
>GKSKGGYG	14-GKSKGGYG	7.183600	0.000000	0	T:1.0(0.12%),B:0.8(100.00%),P:1e0	Tpos:0.0,Tstd:0.0,Bpos:2332612.4,Bstd:1106009.6,StrandBias:0.0,Multiplicity:1.00
0.001	0.001	0.824	0.174
0.096	0.088	0.369	0.447
0.142	0.347	0.453	0.057
0.037	0.001	0.448	0.514
0.001	0.247	0.732	0.020
0.001	0.288	0.706	0.005
0.130	0.455	0.001	0.414
0.001	0.001	0.997	0.001
>GCGNGDBN	15-GCGNGDBN	4.578580	0.000000	0	T:1.0(0.12%),B:0.8(100.00%),P:1e0	Tpos:19.0,Tstd:0.0,Bpos:2220837.2,Bstd:1057656.9,StrandBias:-10.0,Multiplicity:1.00
0.022	0.001	0.976	0.001
0.200	0.625	0.168	0.007
0.318	0.090	0.591	0.001
0.199	0.271	0.270	0.260
0.223	0.258	0.451	0.068
0.291	0.122	0.288	0.298
0.174	0.345	0.279	0.202
0.281	0.179	0.328	0.212
>GTSACGCG	16-GTSACGCG	9.019358	0.000000	0	T:88.0(10.53%),B:0.8(100.00%),P:1e0	Tpos:31.2,Tstd:3.5,Bpos:2265959.2,Bstd:1102614.0,StrandBias:6.4,Multiplicity:1.00
0.171	0.149	0.679	0.001
0.296	0.075	0.001	0.628
0.001	0.540	0.458	0.001
0.620	0.265	0.032	0.083
0.001	0.997	0.001	0.001
0.001	0.001	0.891	0.107
0.001	0.997	0.001	0.001
0.001	0.001	0.997	0.001
>CGHGCTGG	17-CGHGCTGG	7.335939	0.000000	0	T:1.0(0.12%),B:0.8(100.00%),P:1e0	Tpos:37.0,Tstd:0.0,Bpos:2103884.4,Bstd:1121681.0,StrandBias:-10.0,Multiplicity:1.00
0.252	0.446	0.179	0.123
0.296	0.227	0.476	0.001
0.305	0.207	0.169	0.319
0.001	0.001	0.997	0.001
0.001	0.851	0.147	0.001
0.001	0.308	0.067	0.624
0.001	0.001	0.997	0.001
0.001	0.343	0.655	0.001
>CNBCHNGC	18-CNBCHNGC	4.859183	0.000000	0	T:3.0(0.36%),B:0.8(100.00%),P:1e0	Tpos:24.0,Tstd:15.6,Bpos:2206332.0,Bstd:1116243.9,StrandBias:-1.0,Multiplicity:1.00
0.143	0.572	0.227	0.058
0.204	0.348	0.209	0.240
0.075	0.350	0.353	0.222
0.168	0.515	0.239	0.078
0.365	0.293	0.115	0.227
0.203	0.283	0.256	0.259
0.079	0.129	0.588	0.204
0.070	0.895	0.015	0.020
>CGCGWKGC	19-CGCGWKGC	7.687112	0.000000	0	T:2.0(0.24%),B:0.8(100.00%),P:1e0	Tpos:11.0,Tstd:8.0,Bpos:2204156.5,Bstd:1153010.9,StrandBias:-10.0,Multiplicity:1.00
0.001	0.997	0.001	0.001
0.337	0.039	0.575	0.049
0.182	0.678	0.139	0.001
0.001	0.263	0.735	0.001
0.335	0.201	0.001	0.463
0.055	0.178	0.326	0.441
0.196	0.165	0.572	0.067
0.001	0.997	0.001	0.001
>GSYGSYGG	20-GSYGSYGG	7.443338	0.000000	0	T:0.0(0.00%),B:0.8(100.00%),P:1e0	Tpos:0.0,Tstd:0.0,Bpos:1769330.5,Bstd:1110649.4,StrandBias:0.0,Multiplicity:1.00
0.001	0.001	0.997	0.001
0.001	0.541	0.457	0.001
0.186	0.366	0.144	0.305
0.001	0.001	0.997	0.001
0.001	0.429	0.569	0.001
0.118	0.443	0.020	0.419
0.001	0.001	0.712	0.286
0.001	0.162	0.738	0.099
>CGCGVCNC	21-CGCGVCNC	6.783331	0.000000	0	T:2.0(0.24%),B:0.8(100.00%),P:1e0	Tpos:23.0,Tstd:15.0,Bpos:2047258.8,Bstd:1160985.3,StrandBias:10.0,Multiplicity:1.00
0.385	0.613	0.001	0.001
0.001	0.001	0.997	0.001
0.001	0.997	0.001	0.001
0.227	0.010	0.600	0.163
0.242	0.229	0.359	0.170
0.001	0.582	0.231	0.186
0.201	0.201	0.297	0.301
0.001	0.586	0.412	0.001
>GCDRRVBG	22-GCDRRVBG	4.937089	0.000000	0	T:0.0(0.00%),B:0.8(100.00%),P:1e0	Tpos:0.0,Tstd:0.0,Bpos:2541750.6,Bstd:1132741.1,StrandBias:0.0,Multiplicity:1.00
0.001	0.006	0.992	0.001
0.060	0.611	0.322	0.007
0.288	0.119	0.366	0.227
0.252	0.156	0.371	0.221
0.274	0.188	0.375	0.163
0.374	0.353	0.273	0.001
0.157	0.345	0.210	0.288
0.121	0.200	0.534	0.145
>CAGSCKGC	23-CAGSCKGC	8.650480	0.000000	0	T:0.0(0.00%),B:0.8(100.00%),P:1e0	Tpos:0.0,Tstd:0.0,Bpos:2109263.5,Bstd:1060652.6,StrandBias:0.0,Multiplicity:1.00
0.001	0.997	0.001	0.001
0.997	0.001	0.001	0.001
0.001	0.001	0.997	0.001
0.091	0.343	0.476	0.091
0.001	0.997	0.001	0.001
0.166	0.168	0.343	0.323
0.001	0.375	0.542	0.082
0.001	0.997	0.001	0.001
>GGAGCAGS	24-GGAGCAGS	7.749250	0.000000	0	T:1.0(0.12%),B:0.8(100.00%),P:1e0	Tpos:23.0,Tstd:0.0,Bpos:2079414.8,Bstd:1181284.4,StrandBias:-10.0,Multiplicity:1.00
0.001	0.217	0.781	0.001
0.001	0.378	0.620	0.001
0.655	0.343	0.001	0.001
0.038	0.001	0.747	0.214
0.106	0.531	0.362	0.001
0.830	0.168	0.001	0.001
0.188	0.007	0.600	0.205
0.001	0.565	0.433	0.001
>GSTKBYNG	25-GSTKBYNG	4.541275	0.000000	0	T:1.0(0.12%),B:0.8(100.00%),P:1e0	Tpos:27.0,Tstd:0.0,Bpos:2157978.7,Bstd:1135382.7,StrandBias:10.0,Multiplicity:1.00
0.018	0.189	0.705	0.088
0.097	0.477	0.341	0.084
0.080	0.276	0.195	0.448
0.092	0.141	0.418	0.349
0.133	0.304	0.281	0.283
0.140	0.364	0.190	0.305
0.185	0.317	0.202	0.296
0.071	0.251	0.648	0.030
