>GGGGGGGGGGGG	1-GGGGGGGGGGGG	10.447759	0.000000	0	T:8045.0(1.20%),B:0.8(100.00%),P:1e0	Tpos:10.6,Tstd:4.2,Bpos:3975516.8,Bstd:957159.0,StrandBias:8.3,Multiplicity:1.01
0.236	0.021	0.530	0.213
0.148	0.002	0.763	0.087
0.223	0.030	0.651	0.096
0.240	0.034	0.602	0.124
0.207	0.055	0.607	0.131
0.230	0.038	0.587	0.145
0.204	0.038	0.628	0.130
0.224	0.039	0.634	0.103
0.242	0.035	0.583	0.140
0.226	0.029	0.583	0.162
0.215	0.043	0.611	0.131
0.218	0.169	0.440	0.173
>ACGTGATCAGTG	2-ACGTGATCAGTG	12.355432	0.000000	0	T:5266.0(0.78%),B:0.0(0.00%),P:1e0	Tpos:24.0,Tstd:11.5,Bpos:0.0,Bstd:0.0,StrandBias:-0.1,Multiplicity:1.18
0.700	0.100	0.100	0.100
0.100	0.700	0.100	0.100
0.100	0.100	0.700	0.100
0.100	0.100	0.100	0.700
0.100	0.100	0.700	0.100
0.700	0.100	0.100	0.100
0.100	0.100	0.100	0.700
0.100	0.700	0.100	0.100
0.700	0.100	0.100	0.100
0.100	0.100	0.700	0.100
0.100	0.100	0.100	0.700
0.100	0.100	0.700	0.100
>ACTGGAGTGGGT	3-ACTGGAGTGGGT	11.179596	0.000000	0	T:6293.0(0.94%),B:0.0(0.00%),P:1e0	Tpos:23.6,Tstd:10.7,Bpos:0.0,Bstd:0.0,StrandBias:-0.5,Multiplicity:1.00
0.433	0.187	0.262	0.118
0.146	0.608	0.190	0.056
0.175	0.001	0.141	0.683
0.001	0.018	0.968	0.013
0.104	0.154	0.741	0.001
0.709	0.015	0.166	0.110
0.120	0.106	0.710	0.064
0.201	0.045	0.230	0.524
0.143	0.051	0.668	0.138
0.112	0.087	0.717	0.084
0.199	0.106	0.644	0.051
0.204	0.136	0.254	0.407
>ATTCTTGCCTGG	4-ATTCTTGCCTGG	12.355432	0.000000	0	T:4124.0(0.61%),B:0.8(100.00%),P:1e0	Tpos:25.8,Tstd:10.9,Bpos:2426702.0,Bstd:0.0,StrandBias:0.6,Multiplicity:1.00
0.700	0.100	0.100	0.100
0.100	0.100	0.100	0.700
0.100	0.100	0.100	0.700
0.100	0.700	0.100	0.100
0.100	0.100	0.100	0.700
0.100	0.100	0.100	0.700
0.100	0.100	0.700	0.100
0.100	0.700	0.100	0.100
0.100	0.700	0.100	0.100
0.100	0.100	0.100	0.700
0.100	0.100	0.700	0.100
0.100	0.100	0.700	0.100
>AATCCCATGGAC	5-AATCCCATGGAC	11.935382	0.000000	0	T:3363.0(0.50%),B:0.0(0.00%),P:1e0	Tpos:25.2,Tstd:12.3,Bpos:0.0,Bstd:0.0,StrandBias:0.5,Multiplicity:1.00
0.505	0.204	0.170	0.121
0.657	0.112	0.055	0.176
0.068	0.121	0.139	0.672
0.037	0.665	0.135	0.163
0.050	0.735	0.070	0.145
0.067	0.883	0.028	0.022
0.679	0.220	0.024	0.077
0.123	0.003	0.165	0.709
0.015	0.070	0.855	0.060
0.068	0.199	0.720	0.013
0.715	0.109	0.088	0.088
0.154	0.446	0.186	0.214
