>TGTGTGTGTGTG	4-CACACACACACA	15.694331	0.000000	0	T:1786.0(0.31%),B:0.0(0.00%),P:1e0
0.022	0.021	0.073	0.884
0.020	0.034	0.930	0.016
0.034	0.018	0.031	0.917
0.017	0.035	0.934	0.014
0.030	0.018	0.028	0.924
0.013	0.041	0.928	0.018
0.023	0.014	0.026	0.937
0.014	0.035	0.930	0.021
0.033	0.015	0.030	0.922
0.015	0.034	0.933	0.018
0.030	0.018	0.031	0.921
0.016	0.024	0.936	0.024
