>CCCACTCCAGTR	3-CCCACTCCAGTR,BestGuess:Nkx2.2(Homeobox)/NPC-Nkx2.2-ChIP-Seq(GSE61673)/Homer(0.734)	11.484417	0.000000	0	T:9364.0(1.61%),B:0.0(0.00%),P:1e0
0.123	0.493	0.153	0.232
0.103	0.614	0.126	0.157
0.091	0.679	0.084	0.146
0.599	0.164	0.021	0.216
0.056	0.707	0.147	0.090
0.076	0.089	0.008	0.827
0.001	0.713	0.225	0.061
0.051	0.842	0.104	0.003
0.799	0.022	0.001	0.178
0.036	0.076	0.749	0.139
0.088	0.138	0.225	0.549
0.408	0.223	0.284	0.085
