>CATGCACTGATS	2-CATGCACTGATS,BestGuess:PB0091.1_Zbtb3_1/Jaspar(0.684)	11.205531	0.000000	0	T:12981.0(2.23%),B:0.8(100.00%),P:1e0
0.150	0.602	0.163	0.085
0.614	0.281	0.014	0.091
0.115	0.021	0.164	0.700
0.005	0.143	0.666	0.186
0.015	0.746	0.238	0.001
0.665	0.222	0.001	0.112
0.134	0.683	0.161	0.022
0.182	0.001	0.032	0.785
0.001	0.120	0.853	0.026
0.487	0.259	0.210	0.045
0.252	0.076	0.157	0.515
0.116	0.447	0.309	0.128
