>CACTGATCACGT	1-CACTGATCACGT	10.801410	0.000000	0	T:13841.0(2.38%),B:0.0(0.00%),P:1e0
0.143	0.519	0.191	0.147
0.527	0.154	0.136	0.183
0.031	0.869	0.098	0.002
0.287	0.002	0.001	0.710
0.001	0.202	0.791	0.006
0.569	0.161	0.093	0.177
0.120	0.128	0.187	0.565
0.001	0.769	0.229	0.001
0.618	0.230	0.001	0.151
0.099	0.509	0.121	0.271
0.101	0.251	0.601	0.047
0.189	0.203	0.138	0.469
