>GGGGGGGGGGGG	2-GGGGGGGGGGGG	9.143130	0.000000	0	T:176.0(17.12%),B:0.8(100.00%),P:1e0
0.162	0.079	0.493	0.266
0.109	0.080	0.488	0.322
0.089	0.066	0.543	0.302
0.076	0.095	0.527	0.302
0.094	0.068	0.589	0.249
0.055	0.084	0.578	0.283
0.077	0.070	0.589	0.264
0.102	0.082	0.551	0.265
0.076	0.075	0.551	0.298
0.096	0.047	0.588	0.269
0.044	0.087	0.576	0.293
0.045	0.071	0.595	0.289
