>GGGGGGGGGGGG	3-GGGGGGGGGGGG	9.640027	0.000000	0	T:158.0(15.37%),B:0.8(100.00%),P:1e0
0.235	0.121	0.414	0.230
0.225	0.069	0.455	0.251
0.160	0.092	0.517	0.231
0.035	0.075	0.573	0.317
0.028	0.050	0.635	0.287
0.025	0.039	0.647	0.289
0.039	0.110	0.601	0.250
0.068	0.063	0.628	0.241
0.011	0.019	0.707	0.263
0.026	0.048	0.634	0.292
0.028	0.048	0.655	0.269
0.042	0.052	0.649	0.257
