>KGGGGGGGGGGG	5-KGGGGGGGGGGG	9.265068	0.000000	0	T:195.0(18.97%),B:0.8(100.00%),P:1e0
0.216	0.077	0.410	0.298
0.185	0.087	0.522	0.206
0.159	0.086	0.468	0.287
0.076	0.090	0.496	0.338
0.029	0.056	0.617	0.298
0.001	0.053	0.630	0.316
0.053	0.040	0.597	0.310
0.116	0.079	0.545	0.260
0.130	0.069	0.554	0.247
0.017	0.032	0.648	0.303
0.001	0.076	0.637	0.286
0.036	0.055	0.643	0.266
