>SATMTGWARATC	3-SATMTGWARATC	9.333634	0.000000	0	T:0.0(0.00%),B:0.8(100.00%),P:1e0
0.217	0.396	0.270	0.118
0.973	0.001	0.001	0.025
0.119	0.001	0.042	0.838
0.562	0.420	0.017	0.001
0.001	0.001	0.326	0.672
0.001	0.032	0.725	0.242
0.408	0.006	0.206	0.381
0.526	0.001	0.315	0.158
0.413	0.001	0.377	0.209
0.600	0.374	0.001	0.025
0.052	0.060	0.357	0.531
0.182	0.387	0.233	0.199
