>ACTGSATWTSWG	5-CWSAWATSCAGT	10.687186	0.000000	0	T:0.0(0.00%),B:0.8(100.00%),P:1e0
0.627	0.017	0.014	0.342
0.292	0.537	0.102	0.069
0.012	0.002	0.151	0.835
0.012	0.143	0.608	0.237
0.003	0.466	0.389	0.142
0.983	0.001	0.001	0.015
0.001	0.006	0.353	0.640
0.569	0.001	0.001	0.429
0.007	0.295	0.001	0.697
0.072	0.428	0.367	0.133
0.425	0.118	0.054	0.402
0.080	0.118	0.722	0.080
