>GGGGGGGG	1-GGGGGGGG	8.236954	0.000000	0	T:465.0(35.91%),B:0.8(100.00%),P:1e0	Tpos:84.8,Tstd:10.0,Bpos:3800058.6,Bstd:1054769.6,StrandBias:5.3,Multiplicity:1.25
0.100	0.100	0.700	0.100
0.100	0.100	0.700	0.100
0.100	0.100	0.700	0.100
0.100	0.100	0.700	0.100
0.100	0.100	0.700	0.100
0.100	0.100	0.700	0.100
0.100	0.100	0.700	0.100
0.100	0.100	0.700	0.100
>RGGGGGGG	2-RGGGGGGG	6.749680	0.000000	0	T:465.0(35.91%),B:0.8(100.00%),P:1e0	Tpos:71.8,Tstd:0.4,Bpos:1994631.2,Bstd:982112.9,StrandBias:10.0,Multiplicity:1.00
0.291	0.080	0.390	0.238
0.105	0.086	0.585	0.224
0.001	0.027	0.806	0.166
0.060	0.026	0.681	0.233
0.012	0.075	0.708	0.205
0.001	0.034	0.697	0.268
0.113	0.042	0.605	0.240
0.108	0.113	0.467	0.311
>KGGGGGGG	3-KGGGGGGG	8.640971	0.000000	0	T:501.0(38.69%),B:0.8(100.00%),P:1e0	Tpos:82.3,Tstd:12.6,Bpos:2651324.0,Bstd:1321443.9,StrandBias:10.0,Multiplicity:1.12
0.036	0.051	0.510	0.403
0.007	0.025	0.844	0.124
0.015	0.037	0.789	0.159
0.011	0.047	0.782	0.160
0.042	0.035	0.790	0.133
0.046	0.028	0.768	0.158
0.014	0.039	0.823	0.124
0.013	0.037	0.824	0.126
>CMCRTATG	4-CMCRTATG	8.552472	0.000000	0	T:219.0(16.91%),B:0.8(100.00%),P:1e0	Tpos:36.1,Tstd:8.9,Bpos:2468012.0,Bstd:1220425.4,StrandBias:7.8,Multiplicity:1.00
0.038	0.650	0.016	0.296
0.418	0.307	0.061	0.214
0.020	0.944	0.029	0.007
0.509	0.031	0.408	0.052
0.025	0.048	0.027	0.900
0.767	0.203	0.013	0.017
0.025	0.017	0.028	0.930
0.014	0.023	0.943	0.020
>KGGGGGGG	5-KGGGGGGG	5.641339	0.000000	0	T:523.0(40.39%),B:0.8(100.00%),P:1e0	Tpos:83.6,Tstd:10.6,Bpos:2432410.6,Bstd:1171406.0,StrandBias:10.0,Multiplicity:1.13
0.168	0.091	0.388	0.354
0.133	0.072	0.542	0.253
0.083	0.102	0.508	0.307
0.062	0.073	0.559	0.306
0.073	0.105	0.527	0.295
0.068	0.036	0.611	0.285
0.039	0.056	0.565	0.340
0.011	0.032	0.655	0.302
>KCACAMGT	6-KCACAMGT	8.632258	0.000000	0	T:153.0(11.81%),B:0.8(100.00%),P:1e0	Tpos:17.0,Tstd:9.5,Bpos:1954043.0,Bstd:1214880.0,StrandBias:10.0,Multiplicity:1.00
0.108	0.039	0.464	0.389
0.058	0.940	0.001	0.001
0.828	0.018	0.001	0.153
0.001	0.648	0.126	0.225
0.958	0.001	0.001	0.040
0.412	0.531	0.001	0.056
0.054	0.030	0.891	0.025
0.191	0.001	0.001	0.807
