>GGGGGGGGGG	1-GGGGGGGGGG	10.296193	0.000000	0	T:386.0(29.81%),B:0.8(100.00%),P:1e0	Tpos:84.9,Tstd:9.6,Bpos:3905812.8,Bstd:999951.1,StrandBias:5.2,Multiplicity:1.10
0.100	0.100	0.700	0.100
0.100	0.100	0.700	0.100
0.100	0.100	0.700	0.100
0.100	0.100	0.700	0.100
0.100	0.100	0.700	0.100
0.100	0.100	0.700	0.100
0.100	0.100	0.700	0.100
0.100	0.100	0.700	0.100
0.100	0.100	0.700	0.100
0.100	0.100	0.700	0.100
>GGGGGGGGGG	2-GGGGGGGGGG	8.911089	0.000000	0	T:451.0(34.83%),B:0.8(100.00%),P:1e0	Tpos:83.8,Tstd:9.9,Bpos:0.0,Bstd:0.0,StrandBias:10.0,Multiplicity:1.10
0.068	0.060	0.561	0.311
0.026	0.090	0.574	0.310
0.001	0.053	0.568	0.378
0.005	0.005	0.728	0.262
0.003	0.051	0.644	0.302
0.004	0.030	0.647	0.319
0.012	0.048	0.659	0.281
0.007	0.055	0.641	0.297
0.002	0.046	0.723	0.229
0.001	0.039	0.627	0.333
>ATATGTRWMT	3-ATATGTRWMT	10.121157	0.000000	0	T:0.0(0.00%),B:0.8(100.00%),P:1e0	Tpos:0.0,Tstd:0.0,Bpos:2820286.9,Bstd:968718.7,StrandBias:0.0,Multiplicity:1.00
0.830	0.055	0.032	0.083
0.123	0.001	0.020	0.856
0.937	0.061	0.001	0.001
0.097	0.001	0.023	0.879
0.007	0.068	0.698	0.227
0.090	0.004	0.294	0.612
0.449	0.003	0.309	0.239
0.550	0.001	0.031	0.418
0.495	0.455	0.001	0.048
0.096	0.041	0.087	0.776
>RCATATGARW	4-RCATATGARW	8.532850	0.000000	0	T:0.0(0.00%),B:0.8(100.00%),P:1e0	Tpos:0.0,Tstd:0.0,Bpos:2089760.3,Bstd:1039661.8,StrandBias:0.0,Multiplicity:1.00
0.388	0.159	0.295	0.157
0.068	0.683	0.051	0.198
0.759	0.013	0.195	0.033
0.039	0.134	0.048	0.779
0.590	0.097	0.288	0.025
0.035	0.332	0.033	0.600
0.012	0.056	0.688	0.244
0.652	0.107	0.137	0.104
0.314	0.170	0.378	0.138
0.515	0.066	0.044	0.375
>CATATRTVKA	5-CATATRTVKA	7.857839	0.000000	0	T:2.0(0.15%),B:0.8(100.00%),P:1e0	Tpos:31.5,Tstd:0.5,Bpos:531491.0,Bstd:0.0,StrandBias:-10.0,Multiplicity:1.00
0.030	0.591	0.360	0.019
0.851	0.055	0.073	0.021
0.071	0.227	0.231	0.471
0.809	0.088	0.092	0.011
0.193	0.018	0.008	0.781
0.293	0.219	0.436	0.052
0.051	0.158	0.155	0.636
0.289	0.235	0.323	0.152
0.243	0.039	0.311	0.407
0.452	0.181	0.136	0.232
>GGGGGGGGGGGG	1-GGGGGGGGGGGG	12.355432	0.000000	0	T:313.0(24.17%),B:0.8(100.00%),P:1e0	Tpos:84.7,Tstd:9.4,Bpos:3975516.8,Bstd:957081.7,StrandBias:5.0,Multiplicity:1.05
0.100	0.100	0.700	0.100
0.100	0.100	0.700	0.100
0.100	0.100	0.700	0.100
0.100	0.100	0.700	0.100
0.100	0.100	0.700	0.100
0.100	0.100	0.700	0.100
0.100	0.100	0.700	0.100
0.100	0.100	0.700	0.100
0.100	0.100	0.700	0.100
0.100	0.100	0.700	0.100
0.100	0.100	0.700	0.100
0.100	0.100	0.700	0.100
>CCAKATATVTAT	2-CCAKATATVTAT	10.053867	0.000000	0	T:0.0(0.00%),B:0.8(100.00%),P:1e0	Tpos:0.0,Tstd:0.0,Bpos:626425.0,Bstd:415734.0,StrandBias:0.0,Multiplicity:1.00
0.306	0.591	0.014	0.089
0.071	0.600	0.297	0.032
0.983	0.010	0.001	0.006
0.043	0.226	0.294	0.436
0.692	0.144	0.001	0.163
0.062	0.146	0.012	0.780
0.521	0.172	0.136	0.171
0.013	0.354	0.086	0.547
0.321	0.211	0.314	0.153
0.231	0.207	0.136	0.426
0.767	0.159	0.017	0.057
0.128	0.010	0.024	0.838
>SATAKGAAKATC	3-SATAKGAAKATC	11.063448	0.000000	0	T:2.0(0.15%),B:0.0(0.00%),P:1e0	Tpos:38.0,Tstd:0.0,Bpos:0.0,Bstd:0.0,StrandBias:10.0,Multiplicity:1.00
0.072	0.468	0.374	0.086
0.994	0.004	0.001	0.001
0.075	0.010	0.060	0.855
0.726	0.272	0.001	0.001
0.035	0.001	0.409	0.555
0.001	0.041	0.810	0.148
0.461	0.012	0.236	0.291
0.636	0.002	0.264	0.098
0.193	0.010	0.436	0.360
0.757	0.226	0.001	0.016
0.012	0.001	0.406	0.581
0.028	0.631	0.235	0.106
>GGGGGGGGGGGG	4-GGGGGGGGGGGG	12.595559	0.000000	0	T:348.0(26.87%),B:0.8(100.00%),P:1e0	Tpos:82.7,Tstd:9.9,Bpos:0.0,Bstd:0.0,StrandBias:10.0,Multiplicity:1.00
0.054	0.040	0.709	0.197
0.038	0.039	0.723	0.200
0.015	0.031	0.778	0.176
0.010	0.025	0.787	0.178
0.008	0.026	0.792	0.174
0.003	0.022	0.825	0.150
0.007	0.016	0.824	0.153
0.008	0.020	0.822	0.150
0.007	0.022	0.816	0.155
0.008	0.020	0.829	0.143
0.008	0.021	0.824	0.147
0.008	0.020	0.818	0.154
>BVCATMTGSAGT	5-BVCATMTGSAGT	9.536393	0.000000	0	T:0.0(0.00%),B:0.8(100.00%),P:1e0	Tpos:0.0,Tstd:0.0,Bpos:1372162.0,Bstd:0.0,StrandBias:0.0,Multiplicity:1.00
0.108	0.279	0.301	0.312
0.278	0.287	0.341	0.094
0.034	0.566	0.301	0.099
0.686	0.002	0.234	0.078
0.048	0.013	0.257	0.682
0.569	0.426	0.004	0.001
0.052	0.001	0.013	0.934
0.001	0.342	0.642	0.015
0.177	0.282	0.366	0.174
0.546	0.386	0.056	0.012
0.061	0.097	0.625	0.217
0.238	0.037	0.012	0.713
>GGGGGGGG	1-GGGGGGGG	8.236954	0.000000	0	T:465.0(35.91%),B:0.8(100.00%),P:1e0	Tpos:84.8,Tstd:10.0,Bpos:3800058.6,Bstd:1054769.6,StrandBias:5.3,Multiplicity:1.25
0.100	0.100	0.700	0.100
0.100	0.100	0.700	0.100
0.100	0.100	0.700	0.100
0.100	0.100	0.700	0.100
0.100	0.100	0.700	0.100
0.100	0.100	0.700	0.100
0.100	0.100	0.700	0.100
0.100	0.100	0.700	0.100
>RGGGGGGG	2-RGGGGGGG	6.749680	0.000000	0	T:465.0(35.91%),B:0.8(100.00%),P:1e0	Tpos:71.8,Tstd:0.4,Bpos:1994631.2,Bstd:982112.9,StrandBias:10.0,Multiplicity:1.00
0.291	0.080	0.390	0.238
0.105	0.086	0.585	0.224
0.001	0.027	0.806	0.166
0.060	0.026	0.681	0.233
0.012	0.075	0.708	0.205
0.001	0.034	0.697	0.268
0.113	0.042	0.605	0.240
0.108	0.113	0.467	0.311
>KGGGGGGG	3-KGGGGGGG	8.640971	0.000000	0	T:501.0(38.69%),B:0.8(100.00%),P:1e0	Tpos:82.3,Tstd:12.6,Bpos:2651324.0,Bstd:1321443.9,StrandBias:10.0,Multiplicity:1.12
0.036	0.051	0.510	0.403
0.007	0.025	0.844	0.124
0.015	0.037	0.789	0.159
0.011	0.047	0.782	0.160
0.042	0.035	0.790	0.133
0.046	0.028	0.768	0.158
0.014	0.039	0.823	0.124
0.013	0.037	0.824	0.126
>CMCRTATG	4-CMCRTATG	8.552472	0.000000	0	T:219.0(16.91%),B:0.8(100.00%),P:1e0	Tpos:36.1,Tstd:8.9,Bpos:2468012.0,Bstd:1220425.4,StrandBias:7.8,Multiplicity:1.00
0.038	0.650	0.016	0.296
0.418	0.307	0.061	0.214
0.020	0.944	0.029	0.007
0.509	0.031	0.408	0.052
0.025	0.048	0.027	0.900
0.767	0.203	0.013	0.017
0.025	0.017	0.028	0.930
0.014	0.023	0.943	0.020
>KGGGGGGG	5-KGGGGGGG	5.641339	0.000000	0	T:523.0(40.39%),B:0.8(100.00%),P:1e0	Tpos:83.6,Tstd:10.6,Bpos:2432410.6,Bstd:1171406.0,StrandBias:10.0,Multiplicity:1.13
0.168	0.091	0.388	0.354
0.133	0.072	0.542	0.253
0.083	0.102	0.508	0.307
0.062	0.073	0.559	0.306
0.073	0.105	0.527	0.295
0.068	0.036	0.611	0.285
0.039	0.056	0.565	0.340
0.011	0.032	0.655	0.302
>KCACAMGT	6-KCACAMGT	8.632258	0.000000	0	T:153.0(11.81%),B:0.8(100.00%),P:1e0	Tpos:17.0,Tstd:9.5,Bpos:1954043.0,Bstd:1214880.0,StrandBias:10.0,Multiplicity:1.00
0.108	0.039	0.464	0.389
0.058	0.940	0.001	0.001
0.828	0.018	0.001	0.153
0.001	0.648	0.126	0.225
0.958	0.001	0.001	0.040
0.412	0.531	0.001	0.056
0.054	0.030	0.891	0.025
0.191	0.001	0.001	0.807
