>GGGGGGGGGGGG	1-GGGGGGGGGGGG	12.355432	0.000000	0	T:313.0(24.17%),B:0.8(100.00%),P:1e0	Tpos:84.7,Tstd:9.4,Bpos:3975516.8,Bstd:957081.7,StrandBias:5.0,Multiplicity:1.05
0.100	0.100	0.700	0.100
0.100	0.100	0.700	0.100
0.100	0.100	0.700	0.100
0.100	0.100	0.700	0.100
0.100	0.100	0.700	0.100
0.100	0.100	0.700	0.100
0.100	0.100	0.700	0.100
0.100	0.100	0.700	0.100
0.100	0.100	0.700	0.100
0.100	0.100	0.700	0.100
0.100	0.100	0.700	0.100
0.100	0.100	0.700	0.100
>CCAKATATVTAT	2-CCAKATATVTAT	10.053867	0.000000	0	T:0.0(0.00%),B:0.8(100.00%),P:1e0	Tpos:0.0,Tstd:0.0,Bpos:626425.0,Bstd:415734.0,StrandBias:0.0,Multiplicity:1.00
0.306	0.591	0.014	0.089
0.071	0.600	0.297	0.032
0.983	0.010	0.001	0.006
0.043	0.226	0.294	0.436
0.692	0.144	0.001	0.163
0.062	0.146	0.012	0.780
0.521	0.172	0.136	0.171
0.013	0.354	0.086	0.547
0.321	0.211	0.314	0.153
0.231	0.207	0.136	0.426
0.767	0.159	0.017	0.057
0.128	0.010	0.024	0.838
>SATAKGAAKATC	3-SATAKGAAKATC	11.063448	0.000000	0	T:2.0(0.15%),B:0.0(0.00%),P:1e0	Tpos:38.0,Tstd:0.0,Bpos:0.0,Bstd:0.0,StrandBias:10.0,Multiplicity:1.00
0.072	0.468	0.374	0.086
0.994	0.004	0.001	0.001
0.075	0.010	0.060	0.855
0.726	0.272	0.001	0.001
0.035	0.001	0.409	0.555
0.001	0.041	0.810	0.148
0.461	0.012	0.236	0.291
0.636	0.002	0.264	0.098
0.193	0.010	0.436	0.360
0.757	0.226	0.001	0.016
0.012	0.001	0.406	0.581
0.028	0.631	0.235	0.106
>GGGGGGGGGGGG	4-GGGGGGGGGGGG	12.595559	0.000000	0	T:348.0(26.87%),B:0.8(100.00%),P:1e0	Tpos:82.7,Tstd:9.9,Bpos:0.0,Bstd:0.0,StrandBias:10.0,Multiplicity:1.00
0.054	0.040	0.709	0.197
0.038	0.039	0.723	0.200
0.015	0.031	0.778	0.176
0.010	0.025	0.787	0.178
0.008	0.026	0.792	0.174
0.003	0.022	0.825	0.150
0.007	0.016	0.824	0.153
0.008	0.020	0.822	0.150
0.007	0.022	0.816	0.155
0.008	0.020	0.829	0.143
0.008	0.021	0.824	0.147
0.008	0.020	0.818	0.154
>BVCATMTGSAGT	5-BVCATMTGSAGT	9.536393	0.000000	0	T:0.0(0.00%),B:0.8(100.00%),P:1e0	Tpos:0.0,Tstd:0.0,Bpos:1372162.0,Bstd:0.0,StrandBias:0.0,Multiplicity:1.00
0.108	0.279	0.301	0.312
0.278	0.287	0.341	0.094
0.034	0.566	0.301	0.099
0.686	0.002	0.234	0.078
0.048	0.013	0.257	0.682
0.569	0.426	0.004	0.001
0.052	0.001	0.013	0.934
0.001	0.342	0.642	0.015
0.177	0.282	0.366	0.174
0.546	0.386	0.056	0.012
0.061	0.097	0.625	0.217
0.238	0.037	0.012	0.713
