>GGGGGGGGGGGG	1-GGGGGGGGGGGG	11.038533	0.000000	0	T:10.0(1.46%),B:0.8(100.00%),P:1e0	Tpos:39.8,Tstd:3.0,Bpos:3975516.8,Bstd:957029.9,StrandBias:10.0,Multiplicity:1.00
0.237	0.139	0.435	0.188
0.112	0.046	0.646	0.196
0.104	0.091	0.645	0.160
0.104	0.070	0.684	0.142
0.081	0.132	0.726	0.061
0.173	0.062	0.637	0.128
0.184	0.088	0.589	0.139
0.238	0.082	0.568	0.112
0.141	0.043	0.670	0.146
0.176	0.080	0.679	0.065
0.114	0.038	0.747	0.101
0.119	0.158	0.569	0.154
>CHCYAGTCACMC	2-CHCYAGTCACMC	9.201105	0.000000	0	T:0.0(0.00%),B:0.8(100.00%),P:1e0	Tpos:0.0,Tstd:0.0,Bpos:245748.5,Bstd:76047.6,StrandBias:0.0,Multiplicity:1.00
0.148	0.577	0.182	0.093
0.341	0.292	0.115	0.252
0.071	0.510	0.125	0.294
0.131	0.379	0.137	0.353
0.701	0.095	0.026	0.178
0.076	0.195	0.670	0.059
0.139	0.065	0.278	0.518
0.090	0.753	0.077	0.080
0.611	0.142	0.074	0.173
0.074	0.672	0.131	0.123
0.257	0.404	0.129	0.210
0.091	0.511	0.202	0.196
>GCCAGBCGMWTA	3-GCCAGBCGMWTA	8.971194	0.000000	0	T:0.0(0.00%),B:0.8(100.00%),P:1e0	Tpos:0.0,Tstd:0.0,Bpos:897872.5,Bstd:159793.4,StrandBias:0.0,Multiplicity:1.00
0.165	0.238	0.457	0.141
0.058	0.719	0.142	0.081
0.325	0.601	0.035	0.039
0.709	0.119	0.107	0.065
0.061	0.192	0.666	0.081
0.169	0.246	0.357	0.228
0.166	0.608	0.100	0.126
0.277	0.160	0.456	0.107
0.375	0.463	0.159	0.003
0.366	0.109	0.169	0.356
0.199	0.139	0.188	0.474
0.633	0.176	0.090	0.101
>TCAGTCACATDC	4-TCAGTCACATDC	10.436129	0.000000	0	T:0.0(0.00%),B:0.8(100.00%),P:1e0	Tpos:0.0,Tstd:0.0,Bpos:545935.0,Bstd:0.0,StrandBias:0.0,Multiplicity:1.00
0.056	0.281	0.216	0.447
0.223	0.484	0.199	0.094
0.848	0.002	0.094	0.056
0.001	0.270	0.722	0.007
0.235	0.119	0.003	0.643
0.001	0.904	0.094	0.001
0.607	0.190	0.001	0.202
0.139	0.769	0.046	0.046
0.990	0.001	0.001	0.008
0.005	0.001	0.255	0.739
0.273	0.082	0.378	0.267
0.193	0.450	0.096	0.261
>GATACACATATG	5-GATACACATATG	11.162926	0.000000	0	T:0.0(0.00%),B:0.8(100.00%),P:1e0	Tpos:0.0,Tstd:0.0,Bpos:68410.0,Bstd:0.0,StrandBias:0.0,Multiplicity:1.00
0.098	0.288	0.554	0.060
0.602	0.299	0.098	0.001
0.004	0.051	0.303	0.642
0.507	0.237	0.001	0.255
0.001	0.787	0.028	0.184
0.708	0.290	0.001	0.001
0.001	0.694	0.195	0.110
0.941	0.001	0.048	0.010
0.109	0.293	0.103	0.495
0.646	0.001	0.352	0.001
0.001	0.098	0.049	0.852
0.001	0.098	0.776	0.125
