>GGGGGGGGGG	1-GGGGGGGGGG	8.718945	0.000000	0	T:14.0(2.04%),B:0.8(100.00%),P:1e0	Tpos:40.4,Tstd:3.5,Bpos:3905812.8,Bstd:999897.0,StrandBias:10.0,Multiplicity:1.00
0.211	0.122	0.531	0.136
0.185	0.109	0.544	0.162
0.094	0.093	0.648	0.165
0.099	0.118	0.653	0.130
0.185	0.049	0.626	0.140
0.076	0.099	0.572	0.253
0.110	0.104	0.657	0.129
0.183	0.056	0.520	0.241
0.103	0.034	0.646	0.217
0.123	0.130	0.604	0.143
>HAGTGCCTGG	2-HAGTGCCTGG	9.453588	0.000000	0	T:0.0(0.00%),B:0.8(100.00%),P:1e0	Tpos:0.0,Tstd:0.0,Bpos:2878259.9,Bstd:1187260.3,StrandBias:0.0,Multiplicity:1.00
0.371	0.295	0.001	0.333
0.636	0.001	0.001	0.362
0.257	0.001	0.524	0.218
0.001	0.371	0.001	0.627
0.001	0.133	0.865	0.001
0.390	0.608	0.001	0.001
0.090	0.803	0.024	0.083
0.001	0.001	0.001	0.997
0.001	0.001	0.669	0.329
0.392	0.050	0.557	0.001
>CTCCAGTCAA	3-CTCCAGTCAA	10.000612	0.000000	0	T:0.0(0.00%),B:0.8(100.00%),P:1e0	Tpos:0.0,Tstd:0.0,Bpos:1780164.7,Bstd:1099159.6,StrandBias:0.0,Multiplicity:1.00
0.269	0.487	0.243	0.001
0.009	0.001	0.053	0.937
0.001	0.710	0.288	0.001
0.240	0.758	0.001	0.001
0.842	0.104	0.001	0.053
0.016	0.403	0.580	0.001
0.013	0.352	0.040	0.595
0.123	0.844	0.032	0.001
0.608	0.387	0.004	0.001
0.574	0.269	0.002	0.155
>NMAGTCAYAG	4-NMAGTCAYAG	6.776180	0.000000	0	T:0.0(0.00%),B:0.8(100.00%),P:1e0	Tpos:0.0,Tstd:0.0,Bpos:2168187.0,Bstd:1116255.7,StrandBias:0.0,Multiplicity:1.00
0.171	0.205	0.320	0.304
0.358	0.469	0.083	0.090
0.670	0.122	0.099	0.109
0.092	0.223	0.560	0.125
0.111	0.143	0.145	0.601
0.085	0.732	0.108	0.075
0.406	0.214	0.132	0.247
0.202	0.384	0.142	0.271
0.513	0.130	0.246	0.111
0.202	0.162	0.422	0.214
>CAAMCGCCTT	5-CAAMCGCCTT	8.558519	0.000000	0	T:0.0(0.00%),B:0.8(100.00%),P:1e0	Tpos:0.0,Tstd:0.0,Bpos:2356033.4,Bstd:1062871.3,StrandBias:0.0,Multiplicity:1.00
0.161	0.488	0.075	0.276
0.612	0.138	0.127	0.123
0.523	0.050	0.080	0.347
0.419	0.311	0.105	0.165
0.023	0.797	0.072	0.108
0.033	0.262	0.598	0.107
0.029	0.815	0.075	0.081
0.160	0.576	0.232	0.032
0.275	0.061	0.191	0.474
0.031	0.117	0.136	0.716
>GGGGGGGGGGGG	1-GGGGGGGGGGGG	11.038533	0.000000	0	T:10.0(1.46%),B:0.8(100.00%),P:1e0	Tpos:39.8,Tstd:3.0,Bpos:3975516.8,Bstd:957029.9,StrandBias:10.0,Multiplicity:1.00
0.237	0.139	0.435	0.188
0.112	0.046	0.646	0.196
0.104	0.091	0.645	0.160
0.104	0.070	0.684	0.142
0.081	0.132	0.726	0.061
0.173	0.062	0.637	0.128
0.184	0.088	0.589	0.139
0.238	0.082	0.568	0.112
0.141	0.043	0.670	0.146
0.176	0.080	0.679	0.065
0.114	0.038	0.747	0.101
0.119	0.158	0.569	0.154
>CHCYAGTCACMC	2-CHCYAGTCACMC	9.201105	0.000000	0	T:0.0(0.00%),B:0.8(100.00%),P:1e0	Tpos:0.0,Tstd:0.0,Bpos:245748.5,Bstd:76047.6,StrandBias:0.0,Multiplicity:1.00
0.148	0.577	0.182	0.093
0.341	0.292	0.115	0.252
0.071	0.510	0.125	0.294
0.131	0.379	0.137	0.353
0.701	0.095	0.026	0.178
0.076	0.195	0.670	0.059
0.139	0.065	0.278	0.518
0.090	0.753	0.077	0.080
0.611	0.142	0.074	0.173
0.074	0.672	0.131	0.123
0.257	0.404	0.129	0.210
0.091	0.511	0.202	0.196
>GCCAGBCGMWTA	3-GCCAGBCGMWTA	8.971194	0.000000	0	T:0.0(0.00%),B:0.8(100.00%),P:1e0	Tpos:0.0,Tstd:0.0,Bpos:897872.5,Bstd:159793.4,StrandBias:0.0,Multiplicity:1.00
0.165	0.238	0.457	0.141
0.058	0.719	0.142	0.081
0.325	0.601	0.035	0.039
0.709	0.119	0.107	0.065
0.061	0.192	0.666	0.081
0.169	0.246	0.357	0.228
0.166	0.608	0.100	0.126
0.277	0.160	0.456	0.107
0.375	0.463	0.159	0.003
0.366	0.109	0.169	0.356
0.199	0.139	0.188	0.474
0.633	0.176	0.090	0.101
>TCAGTCACATDC	4-TCAGTCACATDC	10.436129	0.000000	0	T:0.0(0.00%),B:0.8(100.00%),P:1e0	Tpos:0.0,Tstd:0.0,Bpos:545935.0,Bstd:0.0,StrandBias:0.0,Multiplicity:1.00
0.056	0.281	0.216	0.447
0.223	0.484	0.199	0.094
0.848	0.002	0.094	0.056
0.001	0.270	0.722	0.007
0.235	0.119	0.003	0.643
0.001	0.904	0.094	0.001
0.607	0.190	0.001	0.202
0.139	0.769	0.046	0.046
0.990	0.001	0.001	0.008
0.005	0.001	0.255	0.739
0.273	0.082	0.378	0.267
0.193	0.450	0.096	0.261
>GATACACATATG	5-GATACACATATG	11.162926	0.000000	0	T:0.0(0.00%),B:0.8(100.00%),P:1e0	Tpos:0.0,Tstd:0.0,Bpos:68410.0,Bstd:0.0,StrandBias:0.0,Multiplicity:1.00
0.098	0.288	0.554	0.060
0.602	0.299	0.098	0.001
0.004	0.051	0.303	0.642
0.507	0.237	0.001	0.255
0.001	0.787	0.028	0.184
0.708	0.290	0.001	0.001
0.001	0.694	0.195	0.110
0.941	0.001	0.048	0.010
0.109	0.293	0.103	0.495
0.646	0.001	0.352	0.001
0.001	0.098	0.049	0.852
0.001	0.098	0.776	0.125
>RGGGGGGG	1-RGGGGGGG	8.453781	0.000000	0	T:21.0(3.07%),B:0.8(100.00%),P:1e0	Tpos:41.0,Tstd:4.1,Bpos:3800058.6,Bstd:1054712.5,StrandBias:10.0,Multiplicity:1.10
0.328	0.036	0.467	0.169
0.173	0.014	0.749	0.064
0.127	0.001	0.871	0.001
0.208	0.001	0.766	0.025
0.188	0.025	0.740	0.047
0.173	0.001	0.731	0.095
0.012	0.066	0.874	0.048
0.133	0.171	0.649	0.047
>CCCATATG	2-CCCATATG	8.788967	0.000000	0	T:4.0(0.58%),B:0.8(100.00%),P:1e0	Tpos:33.8,Tstd:0.4,Bpos:2292741.2,Bstd:1106802.4,StrandBias:10.0,Multiplicity:1.00
0.063	0.768	0.089	0.080
0.079	0.585	0.152	0.184
0.063	0.843	0.069	0.025
0.675	0.038	0.248	0.039
0.051	0.083	0.127	0.739
0.747	0.114	0.076	0.063
0.044	0.044	0.050	0.862
0.044	0.063	0.823	0.070
>GACGTGTG	3-GACGTGTG	9.924089	0.000000	0	T:39.0(5.69%),B:0.8(100.00%),P:1e0	Tpos:14.3,Tstd:5.4,Bpos:2578507.7,Bstd:1027640.4,StrandBias:-10.0,Multiplicity:1.00
0.014	0.346	0.639	0.001
0.844	0.001	0.035	0.120
0.001	0.839	0.010	0.150
0.119	0.017	0.863	0.001
0.001	0.001	0.001	0.997
0.181	0.013	0.805	0.001
0.001	0.001	0.001	0.997
0.001	0.001	0.997	0.001
>CAYATGGC	4-CAYATGGC	8.877432	0.000000	0	T:2.0(0.29%),B:0.8(100.00%),P:1e0	Tpos:34.0,Tstd:10.0,Bpos:2090481.4,Bstd:1142367.4,StrandBias:0.0,Multiplicity:1.00
0.001	0.997	0.001	0.001
0.997	0.001	0.001	0.001
0.001	0.395	0.063	0.541
0.734	0.001	0.264	0.001
0.001	0.001	0.001	0.997
0.001	0.001	0.997	0.001
0.001	0.242	0.529	0.228
0.241	0.527	0.127	0.105
>AGACGRGA	5-AGACGRGA	7.406295	0.000000	0	T:0.0(0.00%),B:0.8(100.00%),P:1e0	Tpos:0.0,Tstd:0.0,Bpos:2205148.6,Bstd:1160156.4,StrandBias:0.0,Multiplicity:1.00
0.683	0.055	0.209	0.053
0.001	0.052	0.597	0.350
0.665	0.098	0.033	0.204
0.001	0.608	0.210	0.181
0.046	0.003	0.593	0.358
0.460	0.036	0.437	0.066
0.031	0.078	0.840	0.051
0.665	0.089	0.222	0.024
>CYCCCCHC	6-CYCCCCHC	6.276053	0.000000	0	T:3.0(0.44%),B:0.8(100.00%),P:1e0	Tpos:44.5,Tstd:0.5,Bpos:2341326.7,Bstd:1204523.7,StrandBias:-10.0,Multiplicity:1.00
0.069	0.621	0.107	0.203
0.001	0.527	0.065	0.407
0.023	0.812	0.025	0.140
0.146	0.663	0.020	0.171
0.285	0.438	0.024	0.253
0.042	0.435	0.239	0.284
0.261	0.269	0.090	0.380
0.037	0.636	0.106	0.221
>GGGGGGGG	7-GGGGGGGG	6.408739	0.000000	0	T:26.0(3.80%),B:0.8(100.00%),P:1e0	Tpos:15.7,Tstd:8.7,Bpos:1863357.7,Bstd:983245.8,StrandBias:-1.0,Multiplicity:1.00
0.167	0.131	0.623	0.079
0.172	0.089	0.456	0.284
0.198	0.119	0.497	0.186
0.318	0.043	0.490	0.148
0.141	0.040	0.668	0.151
0.251	0.001	0.747	0.001
0.277	0.001	0.619	0.103
0.252	0.040	0.668	0.040
>CYCCCYCC	8-CYCCCYCC	5.780131	0.000000	0	T:4.0(0.58%),B:0.8(100.00%),P:1e0	Tpos:25.0,Tstd:11.0,Bpos:2358081.9,Bstd:1231659.4,StrandBias:10.0,Multiplicity:1.00
0.062	0.587	0.096	0.255
0.160	0.322	0.052	0.466
0.220	0.581	0.001	0.198
0.304	0.498	0.058	0.140
0.146	0.516	0.102	0.236
0.202	0.404	0.118	0.276
0.206	0.483	0.187	0.125
0.297	0.620	0.007	0.076
>GAYWYCCC	9-GAYWYCCC	6.176488	0.000000	0	T:0.0(0.00%),B:0.8(100.00%),P:1e0	Tpos:0.0,Tstd:0.0,Bpos:2180768.4,Bstd:1107191.7,StrandBias:0.0,Multiplicity:1.00
0.072	0.315	0.549	0.064
0.544	0.112	0.241	0.103
0.223	0.322	0.037	0.417
0.401	0.173	0.167	0.259
0.082	0.392	0.064	0.461
0.062	0.745	0.119	0.074
0.039	0.790	0.082	0.089
0.336	0.542	0.059	0.063
>CGDMTGGG	10-CGDMTGGG	6.837931	0.000000	0	T:0.0(0.00%),B:0.8(100.00%),P:1e0	Tpos:0.0,Tstd:0.0,Bpos:2231121.4,Bstd:1136287.1,StrandBias:0.0,Multiplicity:1.00
0.229	0.580	0.074	0.117
0.366	0.001	0.632	0.001
0.352	0.049	0.265	0.334
0.450	0.368	0.001	0.182
0.354	0.001	0.001	0.644
0.001	0.034	0.964	0.001
0.284	0.005	0.710	0.001
0.124	0.280	0.556	0.040
>YCCCCCMH	11-YCCCCCMH	7.692860	0.000000	0	T:13.0(1.90%),B:0.8(100.00%),P:1e0	Tpos:41.8,Tstd:4.0,Bpos:2231740.1,Bstd:1196637.9,StrandBias:-10.0,Multiplicity:1.00
0.001	0.552	0.001	0.446
0.082	0.554	0.001	0.363
0.001	0.806	0.001	0.192
0.001	0.997	0.001	0.001
0.001	0.997	0.001	0.001
0.163	0.835	0.001	0.001
0.427	0.333	0.082	0.158
0.321	0.383	0.001	0.296
>CAGTTGGG	12-CAGTTGGG	7.303532	0.000000	0	T:1.0(0.15%),B:0.8(100.00%),P:1e0	Tpos:12.0,Tstd:0.0,Bpos:2308584.4,Bstd:1169472.1,StrandBias:10.0,Multiplicity:1.00
0.081	0.634	0.183	0.102
0.617	0.110	0.122	0.151
0.099	0.096	0.583	0.222
0.232	0.136	0.111	0.521
0.087	0.109	0.145	0.659
0.075	0.078	0.763	0.084
0.099	0.183	0.574	0.144
0.145	0.124	0.661	0.070
>TSCAGTCC	13-TSCAGTCC	7.305839	0.000000	0	T:4.0(0.58%),B:0.8(100.00%),P:1e0	Tpos:36.0,Tstd:0.0,Bpos:2292578.4,Bstd:1107310.3,StrandBias:-10.0,Multiplicity:1.00
0.114	0.156	0.077	0.653
0.032	0.498	0.407	0.064
0.154	0.627	0.145	0.074
0.716	0.112	0.061	0.111
0.062	0.212	0.651	0.075
0.114	0.202	0.163	0.521
0.130	0.649	0.067	0.154
0.072	0.707	0.125	0.096
>TCTKCCAG	14-TCTKCCAG	8.528266	0.000000	0	T:5.0(0.73%),B:0.8(100.00%),P:1e0	Tpos:18.0,Tstd:7.5,Bpos:2292933.5,Bstd:1136500.3,StrandBias:0.6,Multiplicity:1.00
0.016	0.319	0.145	0.520
0.079	0.919	0.001	0.001
0.047	0.334	0.001	0.618
0.001	0.100	0.450	0.449
0.001	0.672	0.326	0.001
0.001	0.869	0.129	0.001
0.997	0.001	0.001	0.001
0.001	0.001	0.997	0.001
>GGSAGGTG	15-GGSAGGTG	6.903506	0.000000	0	T:0.0(0.00%),B:0.8(100.00%),P:1e0	Tpos:0.0,Tstd:0.0,Bpos:2821002.1,Bstd:1236146.3,StrandBias:0.0,Multiplicity:1.00
0.083	0.054	0.827	0.036
0.186	0.165	0.616	0.033
0.081	0.434	0.484	0.001
0.648	0.001	0.080	0.271
0.015	0.024	0.703	0.258
0.234	0.295	0.448	0.023
0.141	0.069	0.295	0.495
0.067	0.250	0.610	0.073
>GGCAGCDG	16-GGCAGCDG	7.082927	0.000000	0	T:1.0(0.15%),B:0.8(100.00%),P:1e0	Tpos:23.0,Tstd:0.0,Bpos:2236751.0,Bstd:1106124.8,StrandBias:10.0,Multiplicity:1.00
0.152	0.001	0.632	0.215
0.082	0.104	0.813	0.001
0.160	0.617	0.222	0.001
0.546	0.006	0.320	0.128
0.001	0.001	0.774	0.224
0.114	0.635	0.250	0.001
0.297	0.098	0.233	0.371
0.144	0.036	0.576	0.244
>RGSTGSCV	17-RGSTGSCV	5.714817	0.000000	0	T:16.0(2.34%),B:0.8(100.00%),P:1e0	Tpos:36.6,Tstd:8.3,Bpos:2283084.0,Bstd:1108622.8,StrandBias:-0.2,Multiplicity:1.62
0.405	0.042	0.348	0.206
0.194	0.114	0.482	0.210
0.157	0.435	0.286	0.122
0.192	0.001	0.028	0.779
0.001	0.001	0.996	0.002
0.067	0.417	0.480	0.036
0.172	0.433	0.237	0.159
0.282	0.255	0.338	0.126
>CCMGCMGC	18-CCMGCMGC	5.510757	0.000000	0	T:2.0(0.29%),B:0.8(100.00%),P:1e0	Tpos:28.5,Tstd:1.5,Bpos:2214502.5,Bstd:1115584.0,StrandBias:10.0,Multiplicity:1.00
0.166	0.522	0.161	0.151
0.174	0.531	0.163	0.132
0.432	0.305	0.129	0.135
0.169	0.176	0.501	0.154
0.279	0.550	0.101	0.070
0.416	0.415	0.069	0.100
0.142	0.187	0.491	0.180
0.181	0.560	0.113	0.146
>NSNNGCWG	19-NSNNGCWG	5.385087	0.000000	0	T:0.0(0.00%),B:0.8(100.00%),P:1e0	Tpos:0.0,Tstd:0.0,Bpos:2326780.9,Bstd:1110203.4,StrandBias:0.0,Multiplicity:1.00
0.265	0.292	0.218	0.225
0.186	0.300	0.384	0.131
0.203	0.320	0.206	0.271
0.260	0.168	0.312	0.259
0.001	0.267	0.522	0.210
0.001	0.997	0.001	0.001
0.425	0.001	0.001	0.573
0.001	0.001	0.997	0.001
>CAGCTGCC	20-CAGCTGCC	9.203472	0.000000	0	T:30.0(4.38%),B:0.8(100.00%),P:1e0	Tpos:20.5,Tstd:7.4,Bpos:2316497.6,Bstd:1124246.8,StrandBias:10.0,Multiplicity:1.00
0.001	0.973	0.001	0.025
0.887	0.057	0.009	0.047
0.001	0.102	0.872	0.025
0.127	0.821	0.026	0.026
0.017	0.100	0.019	0.864
0.026	0.026	0.897	0.051
0.026	0.590	0.358	0.026
0.053	0.884	0.045	0.018
>BBSDSYGC	21-BBSDSYGC	4.506918	0.000000	0	T:5.0(0.73%),B:0.8(100.00%),P:1e0	Tpos:20.4,Tstd:9.1,Bpos:2222008.5,Bstd:1146199.7,StrandBias:0.6,Multiplicity:1.00
0.121	0.280	0.274	0.325
0.055	0.264	0.410	0.270
0.184	0.356	0.254	0.206
0.337	0.120	0.339	0.204
0.132	0.357	0.317	0.194
0.180	0.293	0.106	0.421
0.001	0.094	0.797	0.108
0.001	0.718	0.264	0.017
>TGSRDKSS	22-TGSRDKSS	5.485755	0.000000	0	T:2.0(0.29%),B:0.8(100.00%),P:1e0	Tpos:23.0,Tstd:13.0,Bpos:2310665.5,Bstd:1077816.1,StrandBias:0.0,Multiplicity:1.00
0.001	0.028	0.408	0.563
0.001	0.001	0.997	0.001
0.001	0.558	0.440	0.001
0.298	0.147	0.402	0.152
0.379	0.001	0.277	0.343
0.230	0.001	0.346	0.422
0.073	0.368	0.384	0.175
0.001	0.476	0.335	0.187
>GSNGGCAG	23-GSNGGCAG	4.737656	0.000000	0	T:17.0(2.48%),B:0.8(100.00%),P:1e0	Tpos:25.8,Tstd:11.1,Bpos:2302546.4,Bstd:1161646.0,StrandBias:2.9,Multiplicity:1.00
0.116	0.268	0.457	0.159
0.201	0.439	0.346	0.015
0.192	0.279	0.311	0.218
0.213	0.161	0.421	0.205
0.266	0.193	0.540	0.001
0.225	0.532	0.242	0.001
0.450	0.058	0.221	0.271
0.219	0.108	0.513	0.160
>GCAHNSCM	24-GCAHNSCM	5.208676	0.000000	0	T:3.0(0.44%),B:0.8(100.00%),P:1e0	Tpos:14.0,Tstd:8.5,Bpos:2124417.7,Bstd:1114593.3,StrandBias:1.0,Multiplicity:1.00
0.105	0.027	0.832	0.036
0.182	0.416	0.215	0.187
0.539	0.105	0.207	0.149
0.300	0.373	0.098	0.229
0.246	0.287	0.210	0.258
0.127	0.371	0.462	0.040
0.113	0.700	0.157	0.030
0.432	0.295	0.193	0.081
>SCDBBGCV	25-SCDBBGCV	4.211366	0.000000	0	T:2.0(0.29%),B:0.8(100.00%),P:1e0	Tpos:28.5,Tstd:5.5,Bpos:2232566.5,Bstd:1063130.9,StrandBias:-10.0,Multiplicity:1.00
0.083	0.465	0.406	0.046
0.309	0.571	0.050	0.070
0.339	0.057	0.332	0.272
0.111	0.326	0.289	0.274
0.139	0.339	0.274	0.248
0.077	0.353	0.534	0.036
0.155	0.621	0.202	0.022
0.291	0.312	0.306	0.091
