>GGGGGGGGGG	1-GGGGGGGGGG	10.296193	0.000000	0	T:386.0(29.44%),B:0.8(100.00%),P:1e0	Tpos:84.9,Tstd:9.6,Bpos:3905812.8,Bstd:999953.7,StrandBias:5.2,Multiplicity:1.10
0.100	0.100	0.700	0.100
0.100	0.100	0.700	0.100
0.100	0.100	0.700	0.100
0.100	0.100	0.700	0.100
0.100	0.100	0.700	0.100
0.100	0.100	0.700	0.100
0.100	0.100	0.700	0.100
0.100	0.100	0.700	0.100
0.100	0.100	0.700	0.100
0.100	0.100	0.700	0.100
>GGGGGGGGGG	2-GGGGGGGGGG	8.887583	0.000000	0	T:451.0(34.40%),B:0.8(100.00%),P:1e0	Tpos:83.8,Tstd:9.9,Bpos:0.0,Bstd:0.0,StrandBias:10.0,Multiplicity:1.10
0.077	0.073	0.541	0.309
0.031	0.074	0.591	0.304
0.005	0.057	0.565	0.373
0.011	0.010	0.702	0.277
0.004	0.043	0.643	0.310
0.004	0.035	0.631	0.330
0.011	0.053	0.664	0.272
0.006	0.038	0.658	0.298
0.002	0.044	0.717	0.237
0.001	0.033	0.649	0.317
>ATATGTRWMT	3-ATATGTRWMT	9.637004	0.000000	0	T:3.0(0.23%),B:0.8(100.00%),P:1e0	Tpos:30.7,Tstd:0.5,Bpos:2927036.3,Bstd:800018.0,StrandBias:-10.0,Multiplicity:1.00
0.734	0.055	0.042	0.169
0.170	0.001	0.084	0.745
0.724	0.201	0.010	0.065
0.108	0.001	0.064	0.827
0.062	0.001	0.845	0.092
0.088	0.065	0.319	0.528
0.338	0.039	0.470	0.153
0.426	0.011	0.017	0.546
0.483	0.412	0.001	0.105
0.066	0.020	0.107	0.807
>ABATRTGTVW	4-ABATRTGTVW	7.698133	0.000000	0	T:0.0(0.00%),B:0.8(100.00%),P:1e0	Tpos:0.0,Tstd:0.0,Bpos:2116719.0,Bstd:1276927.6,StrandBias:0.0,Multiplicity:1.00
0.671	0.236	0.056	0.037
0.049	0.235	0.379	0.337
0.739	0.017	0.235	0.009
0.038	0.255	0.189	0.518
0.403	0.232	0.364	0.001
0.001	0.174	0.046	0.779
0.001	0.249	0.749	0.001
0.154	0.211	0.150	0.486
0.273	0.253	0.388	0.086
0.487	0.136	0.002	0.375
>CATATGTVKW	5-CATATGTVKW	7.044136	0.000000	0	T:0.0(0.00%),B:0.8(100.00%),P:1e0	Tpos:0.0,Tstd:0.0,Bpos:3920156.0,Bstd:0.0,StrandBias:0.0,Multiplicity:1.00
0.110	0.568	0.283	0.039
0.676	0.049	0.274	0.001
0.095	0.227	0.133	0.545
0.835	0.134	0.019	0.012
0.306	0.051	0.010	0.633
0.212	0.288	0.451	0.049
0.185	0.236	0.191	0.389
0.318	0.243	0.325	0.113
0.190	0.034	0.429	0.347
0.404	0.175	0.057	0.364
