>GGGGGGGGGGGG	1-GGGGGGGGGGGG	10.447759	0.000000	0	T:8045.0(1.20%),B:0.8(100.00%),P:1e0
0.236	0.021	0.530	0.213
0.148	0.002	0.763	0.087
0.223	0.030	0.651	0.096
0.240	0.034	0.602	0.124
0.207	0.055	0.607	0.131
0.230	0.038	0.587	0.145
0.204	0.038	0.628	0.130
0.224	0.039	0.634	0.103
0.242	0.035	0.583	0.140
0.226	0.029	0.583	0.162
0.215	0.043	0.611	0.131
0.218	0.169	0.440	0.173
