>ACTGGAGTGGGT	3-ACTGGAGTGGGT	11.179596	0.000000	0	T:6293.0(0.94%),B:0.0(0.00%),P:1e0
0.433	0.187	0.262	0.118
0.146	0.608	0.190	0.056
0.175	0.001	0.141	0.683
0.001	0.018	0.968	0.013
0.104	0.154	0.741	0.001
0.709	0.015	0.166	0.110
0.120	0.106	0.710	0.064
0.201	0.045	0.230	0.524
0.143	0.051	0.668	0.138
0.112	0.087	0.717	0.084
0.199	0.106	0.644	0.051
0.204	0.136	0.254	0.407
