>CATGCACTGMTS	2-CATGCACTGMTS	10.327203	0.000000	0	T:14011.0(2.28%),B:0.8(100.00%),P:1e0
0.191	0.490	0.191	0.129
0.593	0.271	0.022	0.114
0.116	0.046	0.192	0.646
0.017	0.169	0.612	0.202
0.030	0.707	0.256	0.007
0.620	0.247	0.006	0.127
0.136	0.679	0.155	0.030
0.190	0.002	0.015	0.793
0.001	0.161	0.786	0.052
0.439	0.292	0.210	0.059
0.252	0.097	0.168	0.483
0.137	0.403	0.297	0.163
