>CACTGATCACGT	1-CACTGATCACGT	10.664117	0.000000	0	T:15015.0(2.44%),B:0.0(0.00%),P:1e0
0.145	0.507	0.186	0.162
0.522	0.159	0.127	0.192
0.005	0.882	0.111	0.002
0.281	0.002	0.001	0.716
0.002	0.217	0.780	0.001
0.558	0.155	0.107	0.180
0.120	0.134	0.193	0.553
0.001	0.756	0.242	0.001
0.614	0.230	0.001	0.155
0.104	0.499	0.124	0.273
0.111	0.244	0.599	0.046
0.197	0.201	0.145	0.457
