>ACTGGAGTGGGD	3-ACTGGAGTGGGD	10.497726	0.000000	0	T:9528.0(1.55%),B:0.0(0.00%),P:1e0
0.397	0.216	0.241	0.146
0.176	0.599	0.163	0.062
0.255	0.001	0.073	0.671
0.002	0.049	0.925	0.024
0.118	0.174	0.707	0.001
0.721	0.001	0.176	0.102
0.136	0.149	0.659	0.056
0.273	0.004	0.210	0.513
0.137	0.066	0.655	0.142
0.175	0.099	0.647	0.079
0.261	0.122	0.555	0.062
0.212	0.163	0.264	0.361
