>CASRCGCVWGCA	1-CASRCGCVWGCA	9.359472	0.000000	0	T:0.0(0.00%),B:0.8(100.00%),P:1e0
0.063	0.807	0.107	0.023
0.656	0.148	0.061	0.135
0.072	0.328	0.415	0.185
0.398	0.180	0.340	0.081
0.167	0.731	0.043	0.059
0.152	0.110	0.688	0.050
0.193	0.450	0.069	0.289
0.290	0.314	0.384	0.012
0.304	0.163	0.176	0.356
0.099	0.063	0.769	0.069
0.342	0.558	0.069	0.031
0.698	0.192	0.031	0.079
