>TGTGTGTGTGTG	5-TGTGTGTGTGTG,BestGuess:SeqBias: CA-repeat(0.917)	12.296671	0.000000	0	T:1009.0(0.16%),B:0.0(0.00%),P:1e0
0.129	0.132	0.200	0.539
0.077	0.161	0.700	0.062
0.117	0.044	0.104	0.735
0.021	0.187	0.761	0.031
0.106	0.052	0.116	0.726
0.016	0.193	0.718	0.073
0.091	0.042	0.127	0.740
0.015	0.199	0.738	0.048
0.135	0.040	0.087	0.738
0.015	0.145	0.770	0.070
0.133	0.091	0.118	0.658
0.096	0.169	0.581	0.154
