>CACACACACACA	5-TGTGTGTGTGTG	12.296671	0.000000	0	T:1009.0(0.16%),B:0.0(0.00%),P:1e0
0.154	0.581	0.169	0.096
0.658	0.118	0.091	0.133
0.070	0.770	0.145	0.015
0.738	0.087	0.040	0.135
0.048	0.738	0.199	0.015
0.740	0.127	0.042	0.091
0.073	0.718	0.193	0.016
0.726	0.116	0.052	0.106
0.031	0.761	0.187	0.021
0.735	0.104	0.044	0.117
0.062	0.700	0.161	0.077
0.539	0.200	0.132	0.129
