>AATCCCATGGAC	5-AATCCCATGGAC	11.935382	0.000000	0	T:3363.0(0.50%),B:0.0(0.00%),P:1e0
0.505	0.204	0.170	0.121
0.657	0.112	0.055	0.176
0.068	0.121	0.139	0.672
0.037	0.665	0.135	0.163
0.050	0.735	0.070	0.145
0.067	0.883	0.028	0.022
0.679	0.220	0.024	0.077
0.123	0.003	0.165	0.709
0.015	0.070	0.855	0.060
0.068	0.199	0.720	0.013
0.715	0.109	0.088	0.088
0.154	0.446	0.186	0.214
