>GGGGGGGGGG	1-GGGGGGGGGG	8.700801	0.000000	0	T:11498.0(1.71%),B:0.8(100.00%),P:1e0	Tpos:10.2,Tstd:4.7,Bpos:3905812.8,Bstd:1000031.9,StrandBias:7.7,Multiplicity:1.05
0.209	0.055	0.563	0.173
0.187	0.004	0.672	0.137
0.221	0.021	0.656	0.102
0.240	0.028	0.599	0.133
0.272	0.023	0.578	0.127
0.236	0.026	0.596	0.142
0.248	0.024	0.590	0.138
0.260	0.010	0.591	0.139
0.238	0.009	0.617	0.136
0.252	0.077	0.520	0.151
>ATCCCATGGA	2-ATCCCATGGA	13.807503	0.000000	0	T:5263.0(0.78%),B:0.8(100.00%),P:1e0	Tpos:25.7,Tstd:12.5,Bpos:1019286.0,Bstd:0.0,StrandBias:0.4,Multiplicity:1.01
0.997	0.001	0.001	0.001
0.001	0.001	0.001	0.997
0.001	0.997	0.001	0.001
0.001	0.997	0.001	0.001
0.001	0.997	0.001	0.001
0.997	0.001	0.001	0.001
0.001	0.001	0.001	0.997
0.001	0.001	0.997	0.001
0.001	0.001	0.997	0.001
0.972	0.026	0.001	0.001
>CTGGAGAGGA	3-CTGGAGAGGA	13.632561	0.000000	0	T:1812.0(0.27%),B:0.8(100.00%),P:1e0	Tpos:23.7,Tstd:12.2,Bpos:1587238.8,Bstd:773426.0,StrandBias:0.0,Multiplicity:1.00
0.001	0.997	0.001	0.001
0.001	0.001	0.001	0.997
0.001	0.001	0.997	0.001
0.001	0.001	0.997	0.001
0.997	0.001	0.001	0.001
0.001	0.001	0.997	0.001
0.997	0.001	0.001	0.001
0.001	0.001	0.997	0.001
0.001	0.001	0.997	0.001
0.816	0.001	0.182	0.001
>CTGGAGTAGG	4-CTGGAGTAGG	13.701227	0.000000	0	T:679.0(0.10%),B:0.8(100.00%),P:1e0	Tpos:23.7,Tstd:11.2,Bpos:1481728.0,Bstd:880021.2,StrandBias:-0.2,Multiplicity:1.00
0.001	0.997	0.001	0.001
0.001	0.001	0.001	0.997
0.001	0.001	0.997	0.001
0.001	0.001	0.997	0.001
0.997	0.001	0.001	0.001
0.001	0.001	0.997	0.001
0.001	0.001	0.001	0.997
0.997	0.001	0.001	0.001
0.001	0.001	0.997	0.001
0.124	0.001	0.874	0.001
>TTTTTTTTTT	5-TTTTTTTTTT	10.296193	0.000000	0	T:1263.0(0.19%),B:0.0(0.00%),P:1e0	Tpos:37.7,Tstd:6.4,Bpos:0.0,Bstd:0.0,StrandBias:-1.5,Multiplicity:1.01
0.100	0.100	0.100	0.700
0.100	0.100	0.100	0.700
0.100	0.100	0.100	0.700
0.100	0.100	0.100	0.700
0.100	0.100	0.100	0.700
0.100	0.100	0.100	0.700
0.100	0.100	0.100	0.700
0.100	0.100	0.100	0.700
0.100	0.100	0.100	0.700
0.100	0.100	0.100	0.700
>GGGGGGGGGGGG	1-GGGGGGGGGGGG	10.447759	0.000000	0	T:8045.0(1.20%),B:0.8(100.00%),P:1e0	Tpos:10.6,Tstd:4.2,Bpos:3975516.8,Bstd:957159.0,StrandBias:8.3,Multiplicity:1.01
0.236	0.021	0.530	0.213
0.148	0.002	0.763	0.087
0.223	0.030	0.651	0.096
0.240	0.034	0.602	0.124
0.207	0.055	0.607	0.131
0.230	0.038	0.587	0.145
0.204	0.038	0.628	0.130
0.224	0.039	0.634	0.103
0.242	0.035	0.583	0.140
0.226	0.029	0.583	0.162
0.215	0.043	0.611	0.131
0.218	0.169	0.440	0.173
>ACGTGATCAGTG	2-ACGTGATCAGTG	12.355432	0.000000	0	T:5266.0(0.78%),B:0.0(0.00%),P:1e0	Tpos:24.0,Tstd:11.5,Bpos:0.0,Bstd:0.0,StrandBias:-0.1,Multiplicity:1.18
0.700	0.100	0.100	0.100
0.100	0.700	0.100	0.100
0.100	0.100	0.700	0.100
0.100	0.100	0.100	0.700
0.100	0.100	0.700	0.100
0.700	0.100	0.100	0.100
0.100	0.100	0.100	0.700
0.100	0.700	0.100	0.100
0.700	0.100	0.100	0.100
0.100	0.100	0.700	0.100
0.100	0.100	0.100	0.700
0.100	0.100	0.700	0.100
>ACTGGAGTGGGT	3-ACTGGAGTGGGT	11.179596	0.000000	0	T:6293.0(0.94%),B:0.0(0.00%),P:1e0	Tpos:23.6,Tstd:10.7,Bpos:0.0,Bstd:0.0,StrandBias:-0.5,Multiplicity:1.00
0.433	0.187	0.262	0.118
0.146	0.608	0.190	0.056
0.175	0.001	0.141	0.683
0.001	0.018	0.968	0.013
0.104	0.154	0.741	0.001
0.709	0.015	0.166	0.110
0.120	0.106	0.710	0.064
0.201	0.045	0.230	0.524
0.143	0.051	0.668	0.138
0.112	0.087	0.717	0.084
0.199	0.106	0.644	0.051
0.204	0.136	0.254	0.407
>ATTCTTGCCTGG	4-ATTCTTGCCTGG	12.355432	0.000000	0	T:4124.0(0.61%),B:0.8(100.00%),P:1e0	Tpos:25.8,Tstd:10.9,Bpos:2426702.0,Bstd:0.0,StrandBias:0.6,Multiplicity:1.00
0.700	0.100	0.100	0.100
0.100	0.100	0.100	0.700
0.100	0.100	0.100	0.700
0.100	0.700	0.100	0.100
0.100	0.100	0.100	0.700
0.100	0.100	0.100	0.700
0.100	0.100	0.700	0.100
0.100	0.700	0.100	0.100
0.100	0.700	0.100	0.100
0.100	0.100	0.100	0.700
0.100	0.100	0.700	0.100
0.100	0.100	0.700	0.100
>AATCCCATGGAC	5-AATCCCATGGAC	11.935382	0.000000	0	T:3363.0(0.50%),B:0.0(0.00%),P:1e0	Tpos:25.2,Tstd:12.3,Bpos:0.0,Bstd:0.0,StrandBias:0.5,Multiplicity:1.00
0.505	0.204	0.170	0.121
0.657	0.112	0.055	0.176
0.068	0.121	0.139	0.672
0.037	0.665	0.135	0.163
0.050	0.735	0.070	0.145
0.067	0.883	0.028	0.022
0.679	0.220	0.024	0.077
0.123	0.003	0.165	0.709
0.015	0.070	0.855	0.060
0.068	0.199	0.720	0.013
0.715	0.109	0.088	0.088
0.154	0.446	0.186	0.214
>GGTGCCAA	1-GGTGCCAA	8.236954	0.000000	0	T:1585.0(0.24%),B:0.8(100.00%),P:1e0	Tpos:23.9,Tstd:13.1,Bpos:2231690.5,Bstd:1098707.9,StrandBias:0.3,Multiplicity:1.00
0.100	0.100	0.700	0.100
0.100	0.100	0.700	0.100
0.100	0.100	0.100	0.700
0.100	0.100	0.700	0.100
0.100	0.700	0.100	0.100
0.100	0.700	0.100	0.100
0.700	0.100	0.100	0.100
0.700	0.100	0.100	0.100
>GCCGGATC	2-GCCGGATC	8.236954	0.000000	0	T:939.0(0.14%),B:0.8(100.00%),P:1e0	Tpos:25.1,Tstd:12.6,Bpos:2162511.1,Bstd:1106258.8,StrandBias:-0.1,Multiplicity:1.00
0.100	0.100	0.700	0.100
0.100	0.700	0.100	0.100
0.100	0.700	0.100	0.100
0.100	0.100	0.700	0.100
0.100	0.100	0.700	0.100
0.700	0.100	0.100	0.100
0.100	0.100	0.100	0.700
0.100	0.700	0.100	0.100
>TGCCGGAT	3-TGCCGGAT	8.236954	0.000000	0	T:1346.0(0.20%),B:0.8(100.00%),P:1e0	Tpos:25.0,Tstd:12.3,Bpos:2343905.4,Bstd:1121102.4,StrandBias:0.0,Multiplicity:1.01
0.100	0.100	0.100	0.700
0.100	0.100	0.700	0.100
0.100	0.700	0.100	0.100
0.100	0.700	0.100	0.100
0.100	0.100	0.700	0.100
0.100	0.100	0.700	0.100
0.700	0.100	0.100	0.100
0.100	0.100	0.100	0.700
>GTTTGCCG	4-GTTTGCCG	8.236954	0.000000	0	T:1249.0(0.19%),B:0.8(100.00%),P:1e0	Tpos:25.0,Tstd:12.5,Bpos:2179937.5,Bstd:1103655.2,StrandBias:-0.1,Multiplicity:1.00
0.100	0.100	0.700	0.100
0.100	0.100	0.100	0.700
0.100	0.100	0.100	0.700
0.100	0.100	0.100	0.700
0.100	0.100	0.700	0.100
0.100	0.700	0.100	0.100
0.100	0.700	0.100	0.100
0.100	0.100	0.700	0.100
>TGTTTGCC	5-TGTTTGCC	8.236954	0.000000	0	T:1414.0(0.21%),B:0.8(100.00%),P:1e0	Tpos:24.3,Tstd:12.5,Bpos:2261190.7,Bstd:1118637.4,StrandBias:-0.0,Multiplicity:1.00
0.100	0.100	0.100	0.700
0.100	0.100	0.700	0.100
0.100	0.100	0.100	0.700
0.100	0.100	0.100	0.700
0.100	0.100	0.100	0.700
0.100	0.100	0.700	0.100
0.100	0.700	0.100	0.100
0.100	0.700	0.100	0.100
