>CASRCGCVWGCA	1-CASRCGCVWGCA	9.359472	0.000000	0	T:0.0(0.00%),B:0.8(100.00%),P:1e0	Tpos:0.0,Tstd:0.0,Bpos:1124257.0,Bstd:0.0,StrandBias:0.0,Multiplicity:1.00
0.063	0.807	0.107	0.023
0.656	0.148	0.061	0.135
0.072	0.328	0.415	0.185
0.398	0.180	0.340	0.081
0.167	0.731	0.043	0.059
0.152	0.110	0.688	0.050
0.193	0.450	0.069	0.289
0.290	0.314	0.384	0.012
0.304	0.163	0.176	0.356
0.099	0.063	0.769	0.069
0.342	0.558	0.069	0.031
0.698	0.192	0.031	0.079
>AGHKCASACGTS	2-AGHKCASACGTS	10.546096	0.000000	0	T:67.0(8.01%),B:0.0(0.00%),P:1e0	Tpos:18.5,Tstd:6.1,Bpos:0.0,Bstd:0.0,StrandBias:-10.0,Multiplicity:1.00
0.708	0.171	0.062	0.059
0.024	0.116	0.747	0.113
0.240	0.352	0.035	0.373
0.001	0.012	0.432	0.555
0.089	0.872	0.016	0.023
0.848	0.070	0.001	0.081
0.123	0.370	0.366	0.141
0.493	0.047	0.226	0.234
0.168	0.802	0.029	0.001
0.280	0.047	0.645	0.028
0.097	0.074	0.092	0.737
0.055	0.363	0.407	0.176
>MMSMGCACRCRC	3-MMSMGCACRCRC	7.870752	0.000000	0	T:0.0(0.00%),B:0.8(100.00%),P:1e0	Tpos:0.0,Tstd:0.0,Bpos:1446873.8,Bstd:319778.7,StrandBias:0.0,Multiplicity:1.00
0.402	0.495	0.067	0.036
0.326	0.367	0.204	0.104
0.225	0.404	0.334	0.038
0.361	0.359	0.170	0.111
0.051	0.121	0.495	0.334
0.084	0.664	0.224	0.028
0.701	0.112	0.142	0.045
0.291	0.449	0.259	0.001
0.405	0.090	0.437	0.068
0.271	0.661	0.067	0.001
0.365	0.052	0.498	0.085
0.227	0.396	0.204	0.173
>DCACRCGYCWGV	4-DCACRCGYCWGV	8.522117	0.000000	0	T:0.0(0.00%),B:0.8(100.00%),P:1e0	Tpos:0.0,Tstd:0.0,Bpos:1886214.6,Bstd:999889.3,StrandBias:0.0,Multiplicity:1.00
0.251	0.077	0.309	0.363
0.104	0.573	0.248	0.075
0.547	0.218	0.132	0.103
0.081	0.689	0.148	0.082
0.311	0.191	0.387	0.111
0.061	0.670	0.086	0.183
0.064	0.153	0.667	0.116
0.091	0.384	0.151	0.374
0.331	0.519	0.094	0.056
0.433	0.128	0.150	0.289
0.073	0.112	0.690	0.125
0.371	0.236	0.232	0.161
>CBVAVGMGCAAA	5-CBVAVGMGCAAA	8.742274	0.000000	0	T:0.0(0.00%),B:0.8(100.00%),P:1e0	Tpos:0.0,Tstd:0.0,Bpos:3749784.5,Bstd:155979.7,StrandBias:0.0,Multiplicity:1.00
0.001	0.473	0.266	0.260
0.192	0.247	0.219	0.342
0.224	0.364	0.283	0.129
0.593	0.286	0.015	0.106
0.325	0.255	0.257	0.163
0.127	0.225	0.583	0.065
0.484	0.339	0.176	0.001
0.141	0.001	0.748	0.110
0.124	0.869	0.006	0.001
0.613	0.282	0.060	0.045
0.612	0.092	0.295	0.001
0.478	0.179	0.277	0.065
>AGTCACGCGCAA	6-AGTCACGCGCAA	13.005713	0.000000	0	T:77.0(9.21%),B:0.0(0.00%),P:1e0	Tpos:32.3,Tstd:3.7,Bpos:0.0,Bstd:0.0,StrandBias:10.0,Multiplicity:1.00
0.835	0.142	0.001	0.022
0.001	0.163	0.678	0.158
0.148	0.001	0.079	0.772
0.077	0.775	0.001	0.147
0.753	0.210	0.001	0.036
0.045	0.818	0.079	0.058
0.001	0.224	0.648	0.127
0.101	0.642	0.256	0.001
0.093	0.031	0.725	0.151
0.046	0.742	0.136	0.076
0.686	0.255	0.001	0.058
0.828	0.058	0.056	0.058
>GGGGGGGGGGGG	7-GGGGGGGGGGGG	11.767489	0.000000	0	T:9.0(1.08%),B:0.8(100.00%),P:1e0	Tpos:41.2,Tstd:2.5,Bpos:3975516.8,Bstd:957017.4,StrandBias:10.0,Multiplicity:1.00
0.078	0.133	0.576	0.213
0.077	0.164	0.582	0.177
0.102	0.152	0.616	0.130
0.117	0.115	0.653	0.115
0.122	0.064	0.682	0.132
0.161	0.067	0.627	0.145
0.146	0.060	0.659	0.135
0.117	0.042	0.710	0.131
0.111	0.058	0.734	0.097
0.092	0.043	0.764	0.101
0.102	0.058	0.727	0.113
0.089	0.083	0.699	0.129
>ATCAGAAGASSG	8-ATCAGAAGASSG	13.865707	0.000000	0	T:11.0(1.32%),B:0.0(0.00%),P:1e0	Tpos:7.0,Tstd:0.0,Bpos:0.0,Bstd:0.0,StrandBias:10.0,Multiplicity:1.00
0.958	0.040	0.001	0.001
0.048	0.024	0.001	0.927
0.135	0.851	0.001	0.013
0.571	0.006	0.384	0.039
0.001	0.035	0.896	0.068
0.997	0.001	0.001	0.001
0.988	0.010	0.001	0.001
0.001	0.001	0.969	0.029
0.923	0.024	0.001	0.052
0.001	0.543	0.411	0.045
0.050	0.406	0.543	0.001
0.374	0.001	0.624	0.001
>RCTSGGAAAAGC	9-RCTSGGAAAAGC	10.817776	0.000000	0	T:0.0(0.00%),B:0.8(100.00%),P:1e0	Tpos:0.0,Tstd:0.0,Bpos:4207296.0,Bstd:211555.7,StrandBias:0.0,Multiplicity:1.00
0.363	0.001	0.424	0.211
0.269	0.609	0.099	0.023
0.326	0.058	0.001	0.615
0.165	0.353	0.397	0.086
0.001	0.211	0.787	0.001
0.047	0.307	0.645	0.001
0.609	0.001	0.339	0.051
0.581	0.417	0.001	0.001
0.699	0.047	0.157	0.097
0.951	0.001	0.047	0.001
0.001	0.422	0.576	0.001
0.263	0.686	0.050	0.001
>VRGAAGAGKRMA	10-VRGAAGAGKRMA	10.832534	0.000000	0	T:0.0(0.00%),B:0.8(100.00%),P:1e0	Tpos:0.0,Tstd:0.0,Bpos:741854.4,Bstd:255739.7,StrandBias:0.0,Multiplicity:1.00
0.270	0.400	0.322	0.008
0.374	0.094	0.523	0.009
0.187	0.082	0.707	0.024
0.907	0.025	0.059	0.009
0.947	0.001	0.001	0.051
0.097	0.049	0.760	0.094
0.744	0.254	0.001	0.001
0.195	0.091	0.666	0.048
0.084	0.232	0.395	0.288
0.369	0.188	0.389	0.053
0.484	0.512	0.003	0.001
0.802	0.027	0.170	0.001
>TCGGAAGMGGRA	11-TCGGAAGMGGRA	10.106733	0.000000	0	T:0.0(0.00%),B:0.8(100.00%),P:1e0	Tpos:0.0,Tstd:0.0,Bpos:2109481.0,Bstd:0.0,StrandBias:0.0,Multiplicity:1.00
0.022	0.140	0.250	0.588
0.284	0.499	0.216	0.001
0.001	0.001	0.767	0.231
0.140	0.164	0.613	0.083
0.578	0.158	0.263	0.001
0.697	0.009	0.164	0.130
0.001	0.152	0.765	0.082
0.371	0.385	0.200	0.045
0.001	0.079	0.898	0.022
0.197	0.270	0.532	0.001
0.394	0.236	0.337	0.032
0.492	0.186	0.251	0.071
