>GGGGGGGGGG	1-GGGGGGGGGG	11.651852	0.000000	0	T:189.0(18.39%),B:0.8(100.00%),P:1e0	Tpos:83.7,Tstd:12.6,Bpos:3905812.8,Bstd:999872.8,StrandBias:5.0,Multiplicity:1.06
0.024	0.038	0.726	0.212
0.010	0.028	0.749	0.213
0.008	0.019	0.786	0.187
0.007	0.019	0.800	0.174
0.011	0.017	0.808	0.164
0.010	0.015	0.816	0.159
0.012	0.012	0.831	0.145
0.007	0.016	0.838	0.139
0.005	0.015	0.828	0.152
0.007	0.015	0.843	0.135
>KGGGGGGGGG	2-KGGGGGGGGG	8.998305	0.000000	0	T:214.0(20.82%),B:0.8(100.00%),P:1e0	Tpos:85.9,Tstd:8.8,Bpos:0.0,Bstd:0.0,StrandBias:10.0,Multiplicity:1.03
0.113	0.052	0.476	0.359
0.039	0.060	0.629	0.272
0.022	0.031	0.638	0.309
0.030	0.026	0.620	0.324
0.019	0.059	0.614	0.308
0.038	0.027	0.671	0.264
0.001	0.030	0.693	0.276
0.001	0.024	0.759	0.216
0.028	0.017	0.698	0.257
0.052	0.044	0.571	0.333
>GKGGGGGGGG	3-GKGGGGGGGG	7.434288	0.000000	0	T:224.0(21.79%),B:0.8(100.00%),P:1e0	Tpos:82.4,Tstd:14.4,Bpos:2991259.0,Bstd:323414.3,StrandBias:10.0,Multiplicity:1.05
0.209	0.134	0.419	0.238
0.096	0.051	0.484	0.370
0.042	0.030	0.634	0.294
0.040	0.055	0.574	0.331
0.106	0.086	0.577	0.231
0.086	0.088	0.538	0.288
0.103	0.073	0.534	0.290
0.074	0.076	0.527	0.323
0.040	0.055	0.585	0.320
0.024	0.080	0.560	0.336
>KGGKGGGGGK	4-KGGKGGGGGK	7.598382	0.000000	0	T:239.0(23.25%),B:0.8(100.00%),P:1e0	Tpos:82.8,Tstd:8.1,Bpos:2368942.0,Bstd:1785569.4,StrandBias:4.6,Multiplicity:1.13
0.189	0.074	0.406	0.330
0.117	0.100	0.501	0.282
0.008	0.053	0.603	0.336
0.061	0.075	0.477	0.388
0.026	0.014	0.614	0.346
0.122	0.039	0.555	0.284
0.018	0.078	0.610	0.294
0.015	0.048	0.610	0.327
0.009	0.095	0.596	0.300
0.018	0.029	0.529	0.424
>CKCATCCGGC	5-CKCATCCGGC	11.150503	0.000000	0	T:48.0(4.67%),B:0.8(100.00%),P:1e0	Tpos:53.7,Tstd:25.2,Bpos:2414381.5,Bstd:1148612.5,StrandBias:-0.2,Multiplicity:1.02
0.067	0.741	0.008	0.184
0.017	0.001	0.553	0.429
0.030	0.586	0.001	0.383
0.925	0.001	0.001	0.073
0.010	0.029	0.287	0.674
0.029	0.921	0.039	0.011
0.023	0.837	0.002	0.138
0.032	0.026	0.782	0.160
0.004	0.005	0.949	0.042
0.155	0.775	0.031	0.039
>GGGGGGGGGGGG	1-GGGGGGGGGGGG	16.147571	0.000000	0	T:137.0(13.33%),B:0.8(100.00%),P:1e0	Tpos:82.9,Tstd:13.0,Bpos:3975516.8,Bstd:957006.8,StrandBias:5.0,Multiplicity:1.04
0.006	0.016	0.926	0.052
0.002	0.009	0.944	0.045
0.001	0.007	0.953	0.039
0.001	0.005	0.958	0.036
0.001	0.003	0.956	0.040
0.001	0.001	0.962	0.036
0.001	0.002	0.964	0.033
0.001	0.002	0.970	0.027
0.001	0.002	0.972	0.025
0.001	0.002	0.973	0.024
0.001	0.003	0.972	0.024
0.001	0.004	0.973	0.022
>GGGGGGGGGGGG	2-GGGGGGGGGGGG	9.143130	0.000000	0	T:176.0(17.12%),B:0.8(100.00%),P:1e0	Tpos:89.2,Tstd:6.7,Bpos:0.0,Bstd:0.0,StrandBias:10.0,Multiplicity:1.05
0.162	0.079	0.493	0.266
0.109	0.080	0.488	0.322
0.089	0.066	0.543	0.302
0.076	0.095	0.527	0.302
0.094	0.068	0.589	0.249
0.055	0.084	0.578	0.283
0.077	0.070	0.589	0.264
0.102	0.082	0.551	0.265
0.076	0.075	0.551	0.298
0.096	0.047	0.588	0.269
0.044	0.087	0.576	0.293
0.045	0.071	0.595	0.289
>GGGGGGGGGGGG	3-GGGGGGGGGGGG	9.640027	0.000000	0	T:158.0(15.37%),B:0.8(100.00%),P:1e0	Tpos:83.7,Tstd:10.6,Bpos:0.0,Bstd:0.0,StrandBias:10.0,Multiplicity:1.00
0.235	0.121	0.414	0.230
0.225	0.069	0.455	0.251
0.160	0.092	0.517	0.231
0.035	0.075	0.573	0.317
0.028	0.050	0.635	0.287
0.025	0.039	0.647	0.289
0.039	0.110	0.601	0.250
0.068	0.063	0.628	0.241
0.011	0.019	0.707	0.263
0.026	0.048	0.634	0.292
0.028	0.048	0.655	0.269
0.042	0.052	0.649	0.257
>GKGGGGGGGGGG	4-GKGGGGGGGGGG	9.197796	0.000000	0	T:179.0(17.41%),B:0.8(100.00%),P:1e0	Tpos:79.0,Tstd:3.0,Bpos:0.0,Bstd:0.0,StrandBias:10.0,Multiplicity:1.00
0.227	0.044	0.473	0.256
0.205	0.070	0.420	0.304
0.185	0.087	0.484	0.244
0.038	0.080	0.548	0.334
0.023	0.036	0.597	0.344
0.009	0.040	0.616	0.335
0.023	0.083	0.592	0.302
0.044	0.030	0.630	0.296
0.001	0.004	0.646	0.349
0.002	0.062	0.603	0.333
0.035	0.044	0.569	0.352
0.040	0.042	0.594	0.324
>KGGGGGGGGGGG	5-KGGGGGGGGGGG	9.265068	0.000000	0	T:195.0(18.97%),B:0.8(100.00%),P:1e0	Tpos:85.4,Tstd:11.6,Bpos:0.0,Bstd:0.0,StrandBias:10.0,Multiplicity:1.04
0.216	0.077	0.410	0.298
0.185	0.087	0.522	0.206
0.159	0.086	0.468	0.287
0.076	0.090	0.496	0.338
0.029	0.056	0.617	0.298
0.001	0.053	0.630	0.316
0.053	0.040	0.597	0.310
0.116	0.079	0.545	0.260
0.130	0.069	0.554	0.247
0.017	0.032	0.648	0.303
0.001	0.076	0.637	0.286
0.036	0.055	0.643	0.266
>GGGGGGGG	1-GGGGGGGG	10.566975	0.000000	0	T:238.0(23.15%),B:0.8(100.00%),P:1e0	Tpos:84.4,Tstd:12.4,Bpos:3800058.6,Bstd:1054687.1,StrandBias:4.9,Multiplicity:1.16
0.004	0.014	0.917	0.065
0.002	0.009	0.924	0.065
0.002	0.009	0.932	0.057
0.002	0.007	0.934	0.057
0.002	0.006	0.936	0.056
0.001	0.005	0.949	0.045
0.002	0.006	0.947	0.045
0.001	0.008	0.955	0.036
>CCCACACC	2-CCCACACC	8.795783	0.000000	0	T:73.0(7.10%),B:0.8(100.00%),P:1e0	Tpos:80.4,Tstd:11.6,Bpos:1919886.6,Bstd:1045832.1,StrandBias:-3.7,Multiplicity:1.06
0.155	0.752	0.033	0.060
0.138	0.788	0.029	0.045
0.100	0.826	0.039	0.035
0.616	0.272	0.052	0.060
0.094	0.835	0.054	0.017
0.644	0.240	0.069	0.047
0.139	0.789	0.039	0.033
0.141	0.788	0.029	0.042
>KGGGGGGG	3-KGGGGGGG	8.633933	0.000000	0	T:258.0(25.10%),B:0.8(100.00%),P:1e0	Tpos:81.8,Tstd:12.7,Bpos:2651324.0,Bstd:1321340.5,StrandBias:5.6,Multiplicity:1.09
0.035	0.040	0.530	0.395
0.014	0.026	0.827	0.133
0.030	0.030	0.802	0.138
0.034	0.026	0.796	0.144
0.059	0.038	0.766	0.137
0.068	0.025	0.768	0.139
0.023	0.026	0.834	0.117
0.026	0.043	0.838	0.093
>KGGKGGGG	4-KGGKGGGG	6.995411	0.000000	0	T:275.0(26.75%),B:0.8(100.00%),P:1e0	Tpos:81.8,Tstd:8.4,Bpos:2116055.9,Bstd:955684.9,StrandBias:5.5,Multiplicity:1.38
0.111	0.093	0.472	0.324
0.007	0.074	0.590	0.329
0.065	0.008	0.653	0.274
0.001	0.006	0.561	0.432
0.019	0.001	0.635	0.345
0.026	0.001	0.712	0.261
0.001	0.001	0.669	0.329
0.060	0.001	0.701	0.238
>GCATCTGG	5-GCATCTGG	8.814980	0.000000	0	T:5.0(0.49%),B:0.8(100.00%),P:1e0	Tpos:49.6,Tstd:36.0,Bpos:2336746.9,Bstd:1115506.2,StrandBias:0.6,Multiplicity:1.00
0.057	0.089	0.795	0.059
0.076	0.813	0.063	0.048
0.771	0.087	0.056	0.086
0.166	0.056	0.113	0.665
0.038	0.831	0.062	0.069
0.089	0.083	0.100	0.728
0.030	0.125	0.791	0.054
0.062	0.101	0.648	0.189
