>GGGGGGGGGGGG	1-GGGGGGGGGGGG	16.147571	0.000000	0	T:137.0(13.33%),B:0.8(100.00%),P:1e0	Tpos:82.9,Tstd:13.0,Bpos:3975516.8,Bstd:957006.8,StrandBias:5.0,Multiplicity:1.04
0.006	0.016	0.926	0.052
0.002	0.009	0.944	0.045
0.001	0.007	0.953	0.039
0.001	0.005	0.958	0.036
0.001	0.003	0.956	0.040
0.001	0.001	0.962	0.036
0.001	0.002	0.964	0.033
0.001	0.002	0.970	0.027
0.001	0.002	0.972	0.025
0.001	0.002	0.973	0.024
0.001	0.003	0.972	0.024
0.001	0.004	0.973	0.022
>GGGGGGGGGGGG	2-GGGGGGGGGGGG	9.143130	0.000000	0	T:176.0(17.12%),B:0.8(100.00%),P:1e0	Tpos:89.2,Tstd:6.7,Bpos:0.0,Bstd:0.0,StrandBias:10.0,Multiplicity:1.05
0.162	0.079	0.493	0.266
0.109	0.080	0.488	0.322
0.089	0.066	0.543	0.302
0.076	0.095	0.527	0.302
0.094	0.068	0.589	0.249
0.055	0.084	0.578	0.283
0.077	0.070	0.589	0.264
0.102	0.082	0.551	0.265
0.076	0.075	0.551	0.298
0.096	0.047	0.588	0.269
0.044	0.087	0.576	0.293
0.045	0.071	0.595	0.289
>GGGGGGGGGGGG	3-GGGGGGGGGGGG	9.640027	0.000000	0	T:158.0(15.37%),B:0.8(100.00%),P:1e0	Tpos:83.7,Tstd:10.6,Bpos:0.0,Bstd:0.0,StrandBias:10.0,Multiplicity:1.00
0.235	0.121	0.414	0.230
0.225	0.069	0.455	0.251
0.160	0.092	0.517	0.231
0.035	0.075	0.573	0.317
0.028	0.050	0.635	0.287
0.025	0.039	0.647	0.289
0.039	0.110	0.601	0.250
0.068	0.063	0.628	0.241
0.011	0.019	0.707	0.263
0.026	0.048	0.634	0.292
0.028	0.048	0.655	0.269
0.042	0.052	0.649	0.257
>GKGGGGGGGGGG	4-GKGGGGGGGGGG	9.197796	0.000000	0	T:179.0(17.41%),B:0.8(100.00%),P:1e0	Tpos:79.0,Tstd:3.0,Bpos:0.0,Bstd:0.0,StrandBias:10.0,Multiplicity:1.00
0.227	0.044	0.473	0.256
0.205	0.070	0.420	0.304
0.185	0.087	0.484	0.244
0.038	0.080	0.548	0.334
0.023	0.036	0.597	0.344
0.009	0.040	0.616	0.335
0.023	0.083	0.592	0.302
0.044	0.030	0.630	0.296
0.001	0.004	0.646	0.349
0.002	0.062	0.603	0.333
0.035	0.044	0.569	0.352
0.040	0.042	0.594	0.324
>KGGGGGGGGGGG	5-KGGGGGGGGGGG	9.265068	0.000000	0	T:195.0(18.97%),B:0.8(100.00%),P:1e0	Tpos:85.4,Tstd:11.6,Bpos:0.0,Bstd:0.0,StrandBias:10.0,Multiplicity:1.04
0.216	0.077	0.410	0.298
0.185	0.087	0.522	0.206
0.159	0.086	0.468	0.287
0.076	0.090	0.496	0.338
0.029	0.056	0.617	0.298
0.001	0.053	0.630	0.316
0.053	0.040	0.597	0.310
0.116	0.079	0.545	0.260
0.130	0.069	0.554	0.247
0.017	0.032	0.648	0.303
0.001	0.076	0.637	0.286
0.036	0.055	0.643	0.266
