>VRGAAGAGKRMA	10-VRGAAGAGKRMA	10.832534	0.000000	0	T:0.0(0.00%),B:0.8(100.00%),P:1e0
0.270	0.400	0.322	0.008
0.374	0.094	0.523	0.009
0.187	0.082	0.707	0.024
0.907	0.025	0.059	0.009
0.947	0.001	0.001	0.051
0.097	0.049	0.760	0.094
0.744	0.254	0.001	0.001
0.195	0.091	0.666	0.048
0.084	0.232	0.395	0.288
0.369	0.188	0.389	0.053
0.484	0.512	0.003	0.001
0.802	0.027	0.170	0.001
