>AGHKCASACGTS	2-AGHKCASACGTS	10.546096	0.000000	0	T:67.0(8.01%),B:0.0(0.00%),P:1e0
0.708	0.171	0.062	0.059
0.024	0.116	0.747	0.113
0.240	0.352	0.035	0.373
0.001	0.012	0.432	0.555
0.089	0.872	0.016	0.023
0.848	0.070	0.001	0.081
0.123	0.370	0.366	0.141
0.493	0.047	0.226	0.234
0.168	0.802	0.029	0.001
0.280	0.047	0.645	0.028
0.097	0.074	0.092	0.737
0.055	0.363	0.407	0.176
