>CBVAVGMGCAAA	5-CBVAVGMGCAAA	8.742274	0.000000	0	T:0.0(0.00%),B:0.8(100.00%),P:1e0
0.001	0.473	0.266	0.260
0.192	0.247	0.219	0.342
0.224	0.364	0.283	0.129
0.593	0.286	0.015	0.106
0.325	0.255	0.257	0.163
0.127	0.225	0.583	0.065
0.484	0.339	0.176	0.001
0.141	0.001	0.748	0.110
0.124	0.869	0.006	0.001
0.613	0.282	0.060	0.045
0.612	0.092	0.295	0.001
0.478	0.179	0.277	0.065
