>NCTGATCMCN	1-NCTGATCMCN	7.143270	0.000000	0	T:16669.0(2.71%),B:0.8(100.00%),P:1e0	Tpos:24.0,Tstd:11.8,Bpos:2193165.7,Bstd:1235270.7,StrandBias:0.0,Multiplicity:1.22
0.284	0.255	0.226	0.235
0.044	0.873	0.046	0.037
0.341	0.018	0.002	0.639
0.005	0.274	0.685	0.036
0.416	0.215	0.149	0.220
0.127	0.161	0.215	0.496
0.014	0.650	0.287	0.049
0.454	0.324	0.028	0.194
0.117	0.578	0.061	0.244
0.197	0.270	0.316	0.217
>NTCCCATGGN	2-NTCCCATGGN	7.794234	0.000000	0	T:8254.0(1.34%),B:0.8(100.00%),P:1e0	Tpos:25.3,Tstd:12.1,Bpos:1019286.0,Bstd:0.0,StrandBias:0.3,Multiplicity:1.01
0.325	0.235	0.202	0.238
0.113	0.144	0.134	0.609
0.041	0.561	0.189	0.209
0.117	0.679	0.044	0.160
0.140	0.762	0.037	0.061
0.484	0.304	0.058	0.154
0.162	0.017	0.246	0.575
0.050	0.065	0.781	0.104
0.114	0.199	0.572	0.115
0.324	0.248	0.210	0.217
>DGAKCAGGCN	3-DGAKCAGGCN	7.261726	0.000000	0	T:1277.0(0.21%),B:0.8(100.00%),P:1e0	Tpos:24.7,Tstd:12.2,Bpos:1894477.7,Bstd:872375.4,StrandBias:-0.1,Multiplicity:1.02
0.293	0.092	0.288	0.327
0.096	0.247	0.608	0.049
0.489	0.184	0.157	0.170
0.133	0.179	0.282	0.405
0.078	0.690	0.231	0.001
0.748	0.005	0.002	0.245
0.035	0.018	0.786	0.161
0.129	0.151	0.603	0.117
0.193	0.461	0.258	0.088
0.306	0.215	0.252	0.227
>NCCTCTCCHN	4-NCCTCTCCHN	6.312243	0.000000	0	T:1711.0(0.28%),B:0.8(100.00%),P:1e0	Tpos:24.4,Tstd:12.2,Bpos:1587238.4,Bstd:773478.2,StrandBias:0.1,Multiplicity:1.00
0.208	0.268	0.237	0.287
0.080	0.467	0.212	0.242
0.176	0.541	0.001	0.282
0.177	0.311	0.046	0.466
0.018	0.533	0.139	0.310
0.170	0.325	0.001	0.504
0.001	0.492	0.187	0.320
0.001	0.997	0.001	0.001
0.403	0.308	0.001	0.288
0.181	0.256	0.293	0.270
>CTGHYCAKGN	5-CTGHYCAKGN	6.282468	0.000000	0	T:10768.0(1.75%),B:0.8(100.00%),P:1e0	Tpos:24.4,Tstd:12.3,Bpos:1932471.9,Bstd:876286.0,StrandBias:0.1,Multiplicity:1.12
0.251	0.453	0.274	0.022
0.400	0.001	0.001	0.598
0.001	0.316	0.521	0.162
0.334	0.253	0.162	0.250
0.091	0.284	0.236	0.389
0.001	0.761	0.237	0.001
0.500	0.253	0.001	0.246
0.170	0.060	0.336	0.434
0.002	0.294	0.525	0.179
0.236	0.321	0.244	0.200
>CACTGATCACGT	1-CACTGATCACGT	10.664117	0.000000	0	T:15015.0(2.44%),B:0.0(0.00%),P:1e0	Tpos:24.1,Tstd:11.4,Bpos:0.0,Bstd:0.0,StrandBias:-0.0,Multiplicity:1.17
0.145	0.507	0.186	0.162
0.522	0.159	0.127	0.192
0.005	0.882	0.111	0.002
0.281	0.002	0.001	0.716
0.002	0.217	0.780	0.001
0.558	0.155	0.107	0.180
0.120	0.134	0.193	0.553
0.001	0.756	0.242	0.001
0.614	0.230	0.001	0.155
0.104	0.499	0.124	0.273
0.111	0.244	0.599	0.046
0.197	0.201	0.145	0.457
>CATGCACTGMTS	2-CATGCACTGMTS	10.327203	0.000000	0	T:14011.0(2.28%),B:0.8(100.00%),P:1e0	Tpos:24.3,Tstd:13.7,Bpos:1948141.0,Bstd:0.0,StrandBias:0.1,Multiplicity:1.06
0.191	0.490	0.191	0.129
0.593	0.271	0.022	0.114
0.116	0.046	0.192	0.646
0.017	0.169	0.612	0.202
0.030	0.707	0.256	0.007
0.620	0.247	0.006	0.127
0.136	0.679	0.155	0.030
0.190	0.002	0.015	0.793
0.001	0.161	0.786	0.052
0.439	0.292	0.210	0.059
0.252	0.097	0.168	0.483
0.137	0.403	0.297	0.163
>ACTGGAGTGGGD	3-ACTGGAGTGGGD	10.497726	0.000000	0	T:9528.0(1.55%),B:0.0(0.00%),P:1e0	Tpos:23.8,Tstd:10.9,Bpos:0.0,Bstd:0.0,StrandBias:-0.4,Multiplicity:1.00
0.397	0.216	0.241	0.146
0.176	0.599	0.163	0.062
0.255	0.001	0.073	0.671
0.002	0.049	0.925	0.024
0.118	0.174	0.707	0.001
0.721	0.001	0.176	0.102
0.136	0.149	0.659	0.056
0.273	0.004	0.210	0.513
0.137	0.066	0.655	0.142
0.175	0.099	0.647	0.079
0.261	0.122	0.555	0.062
0.212	0.163	0.264	0.361
>AGCCACGTGATC	4-AGCCACGTGATC	11.644694	0.000000	0	T:12170.0(1.98%),B:0.0(0.00%),P:1e0	Tpos:21.8,Tstd:13.6,Bpos:0.0,Bstd:0.0,StrandBias:-0.4,Multiplicity:1.02
0.596	0.066	0.146	0.192
0.050	0.076	0.683	0.191
0.074	0.522	0.101	0.303
0.005	0.992	0.001	0.002
0.682	0.123	0.001	0.194
0.052	0.564	0.246	0.138
0.131	0.115	0.616	0.138
0.119	0.001	0.250	0.630
0.002	0.207	0.790	0.001
0.683	0.118	0.086	0.113
0.086	0.029	0.198	0.687
0.082	0.583	0.192	0.143
>ATTCTTGCCTGG	5-ATTCTTGCCTGG	12.355432	0.000000	0	T:6108.0(0.99%),B:0.8(100.00%),P:1e0	Tpos:25.3,Tstd:11.1,Bpos:2426702.0,Bstd:0.0,StrandBias:0.6,Multiplicity:1.00
0.700	0.100	0.100	0.100
0.100	0.100	0.100	0.700
0.100	0.100	0.100	0.700
0.100	0.700	0.100	0.100
0.100	0.100	0.100	0.700
0.100	0.100	0.100	0.700
0.100	0.100	0.700	0.100
0.100	0.700	0.100	0.100
0.100	0.700	0.100	0.100
0.100	0.100	0.100	0.700
0.100	0.100	0.700	0.100
0.100	0.100	0.700	0.100
>CCTGATCA	1-CCTGATCA	10.776293	0.000000	0	T:4903.0(0.80%),B:0.8(100.00%),P:1e0	Tpos:24.8,Tstd:12.4,Bpos:2067453.6,Bstd:1081194.2,StrandBias:0.1,Multiplicity:1.08
0.001	0.997	0.001	0.001
0.001	0.997	0.001	0.001
0.001	0.001	0.001	0.997
0.001	0.001	0.997	0.001
0.997	0.001	0.001	0.001
0.001	0.001	0.001	0.997
0.001	0.997	0.001	0.001
0.746	0.252	0.001	0.001
>CCAGGGAN	2-CCAGGGAN	8.019320	0.000000	0	T:11804.0(1.92%),B:0.8(100.00%),P:1e0	Tpos:25.6,Tstd:12.4,Bpos:2189765.8,Bstd:1216626.7,StrandBias:-0.2,Multiplicity:1.01
0.056	0.642	0.146	0.156
0.109	0.808	0.082	0.001
0.739	0.053	0.001	0.207
0.077	0.001	0.795	0.127
0.052	0.001	0.863	0.084
0.057	0.057	0.885	0.001
0.687	0.058	0.197	0.058
0.274	0.184	0.253	0.290
>CATGCACT	3-CATGCACT	10.670336	0.000000	0	T:22026.0(3.58%),B:0.8(100.00%),P:1e0	Tpos:24.4,Tstd:12.5,Bpos:2137110.4,Bstd:1180930.4,StrandBias:0.0,Multiplicity:1.26
0.001	0.997	0.001	0.001
0.997	0.001	0.001	0.001
0.001	0.001	0.001	0.997
0.001	0.001	0.997	0.001
0.001	0.671	0.327	0.001
0.997	0.001	0.001	0.001
0.001	0.997	0.001	0.001
0.001	0.001	0.001	0.997
>CCTGGAGA	4-CCTGGAGA	10.849922	0.000000	0	T:19580.0(3.18%),B:0.8(100.00%),P:1e0	Tpos:25.2,Tstd:11.9,Bpos:2265292.1,Bstd:1064613.3,StrandBias:0.2,Multiplicity:1.02
0.001	0.997	0.001	0.001
0.001	0.997	0.001	0.001
0.001	0.001	0.001	0.997
0.001	0.001	0.997	0.001
0.001	0.001	0.997	0.001
0.997	0.001	0.001	0.001
0.001	0.001	0.997	0.001
0.803	0.001	0.001	0.195
>CHCTSCAG	5-CHCTSCAG	5.895535	0.000000	0	T:18286.0(2.97%),B:0.8(100.00%),P:1e0	Tpos:24.5,Tstd:11.5,Bpos:2165695.2,Bstd:1092474.2,StrandBias:0.3,Multiplicity:1.00
0.168	0.430	0.275	0.128
0.391	0.292	0.035	0.282
0.106	0.561	0.214	0.119
0.361	0.057	0.006	0.576
0.001	0.478	0.427	0.094
0.103	0.618	0.265	0.014
0.603	0.001	0.001	0.395
0.068	0.151	0.573	0.208
