>CACTGATCACGT	1-CACTGATCACGT	10.664117	0.000000	0	T:15015.0(2.44%),B:0.0(0.00%),P:1e0	Tpos:24.1,Tstd:11.4,Bpos:0.0,Bstd:0.0,StrandBias:-0.0,Multiplicity:1.17
0.145	0.507	0.186	0.162
0.522	0.159	0.127	0.192
0.005	0.882	0.111	0.002
0.281	0.002	0.001	0.716
0.002	0.217	0.780	0.001
0.558	0.155	0.107	0.180
0.120	0.134	0.193	0.553
0.001	0.756	0.242	0.001
0.614	0.230	0.001	0.155
0.104	0.499	0.124	0.273
0.111	0.244	0.599	0.046
0.197	0.201	0.145	0.457
>CATGCACTGMTS	2-CATGCACTGMTS	10.327203	0.000000	0	T:14011.0(2.28%),B:0.8(100.00%),P:1e0	Tpos:24.3,Tstd:13.7,Bpos:1948141.0,Bstd:0.0,StrandBias:0.1,Multiplicity:1.06
0.191	0.490	0.191	0.129
0.593	0.271	0.022	0.114
0.116	0.046	0.192	0.646
0.017	0.169	0.612	0.202
0.030	0.707	0.256	0.007
0.620	0.247	0.006	0.127
0.136	0.679	0.155	0.030
0.190	0.002	0.015	0.793
0.001	0.161	0.786	0.052
0.439	0.292	0.210	0.059
0.252	0.097	0.168	0.483
0.137	0.403	0.297	0.163
>ACTGGAGTGGGD	3-ACTGGAGTGGGD	10.497726	0.000000	0	T:9528.0(1.55%),B:0.0(0.00%),P:1e0	Tpos:23.8,Tstd:10.9,Bpos:0.0,Bstd:0.0,StrandBias:-0.4,Multiplicity:1.00
0.397	0.216	0.241	0.146
0.176	0.599	0.163	0.062
0.255	0.001	0.073	0.671
0.002	0.049	0.925	0.024
0.118	0.174	0.707	0.001
0.721	0.001	0.176	0.102
0.136	0.149	0.659	0.056
0.273	0.004	0.210	0.513
0.137	0.066	0.655	0.142
0.175	0.099	0.647	0.079
0.261	0.122	0.555	0.062
0.212	0.163	0.264	0.361
>AGCCACGTGATC	4-AGCCACGTGATC	11.644694	0.000000	0	T:12170.0(1.98%),B:0.0(0.00%),P:1e0	Tpos:21.8,Tstd:13.6,Bpos:0.0,Bstd:0.0,StrandBias:-0.4,Multiplicity:1.02
0.596	0.066	0.146	0.192
0.050	0.076	0.683	0.191
0.074	0.522	0.101	0.303
0.005	0.992	0.001	0.002
0.682	0.123	0.001	0.194
0.052	0.564	0.246	0.138
0.131	0.115	0.616	0.138
0.119	0.001	0.250	0.630
0.002	0.207	0.790	0.001
0.683	0.118	0.086	0.113
0.086	0.029	0.198	0.687
0.082	0.583	0.192	0.143
>ATTCTTGCCTGG	5-ATTCTTGCCTGG	12.355432	0.000000	0	T:6108.0(0.99%),B:0.8(100.00%),P:1e0	Tpos:25.3,Tstd:11.1,Bpos:2426702.0,Bstd:0.0,StrandBias:0.6,Multiplicity:1.00
0.700	0.100	0.100	0.100
0.100	0.100	0.100	0.700
0.100	0.100	0.100	0.700
0.100	0.700	0.100	0.100
0.100	0.100	0.100	0.700
0.100	0.100	0.100	0.700
0.100	0.100	0.700	0.100
0.100	0.700	0.100	0.100
0.100	0.700	0.100	0.100
0.100	0.100	0.100	0.700
0.100	0.100	0.700	0.100
0.100	0.100	0.700	0.100
