>CCCCCCCCCC	1-CCCCCCCCCC	8.721820	0.000000	0	T:11.0(1.32%),B:0.8(100.00%),P:1e0	Tpos:40.6,Tstd:2.9,Bpos:3905813.1,Bstd:999884.3,StrandBias:-6.0,Multiplicity:1.00
0.173	0.604	0.099	0.124
0.175	0.652	0.013	0.160
0.222	0.586	0.047	0.145
0.157	0.583	0.038	0.222
0.140	0.613	0.082	0.165
0.176	0.612	0.042	0.170
0.235	0.514	0.105	0.146
0.124	0.652	0.087	0.137
0.182	0.568	0.165	0.085
0.168	0.609	0.091	0.132
>AMGMGCAMAC	2-AMGMGCAMAC	9.597600	0.000000	0	T:0.0(0.00%),B:0.8(100.00%),P:1e0	Tpos:0.0,Tstd:0.0,Bpos:2365794.9,Bstd:926449.4,StrandBias:0.0,Multiplicity:1.00
0.628	0.190	0.127	0.055
0.397	0.355	0.001	0.247
0.001	0.091	0.830	0.078
0.469	0.475	0.001	0.055
0.011	0.001	0.842	0.146
0.138	0.845	0.001	0.016
0.997	0.001	0.001	0.001
0.498	0.500	0.001	0.001
0.495	0.055	0.338	0.113
0.174	0.814	0.011	0.001
>CCCCCCCCCC	3-CCCCCCCCCC	9.664835	0.000000	0	T:18.0(2.15%),B:0.8(100.00%),P:1e0	Tpos:39.7,Tstd:4.0,Bpos:2368942.0,Bstd:1785588.3,StrandBias:-10.0,Multiplicity:1.00
0.070	0.863	0.013	0.054
0.098	0.641	0.001	0.260
0.045	0.953	0.001	0.001
0.056	0.764	0.001	0.179
0.171	0.733	0.001	0.095
0.193	0.629	0.106	0.072
0.251	0.582	0.041	0.126
0.143	0.797	0.001	0.059
0.212	0.663	0.124	0.001
0.213	0.610	0.054	0.123
>CGCGCAAGCA	4-CGCGCAAGCA	11.823032	0.000000	0	T:114.0(13.64%),B:0.8(100.00%),P:1e0	Tpos:36.3,Tstd:2.9,Bpos:2336869.4,Bstd:1092807.0,StrandBias:10.0,Multiplicity:1.00
0.266	0.732	0.001	0.001
0.001	0.078	0.806	0.115
0.158	0.840	0.001	0.001
0.107	0.001	0.832	0.060
0.046	0.952	0.001	0.001
0.858	0.089	0.001	0.052
0.816	0.001	0.182	0.001
0.001	0.001	0.914	0.084
0.125	0.873	0.001	0.001
0.593	0.185	0.126	0.096
>AGACGTGTGC	5-AGACGTGTGC	11.501101	0.000000	0	T:74.0(8.85%),B:0.0(0.00%),P:1e0	Tpos:14.9,Tstd:5.6,Bpos:0.0,Bstd:0.0,StrandBias:-10.0,Multiplicity:1.00
0.879	0.030	0.001	0.090
0.002	0.331	0.656	0.011
0.766	0.097	0.001	0.136
0.076	0.855	0.068	0.001
0.001	0.021	0.884	0.094
0.018	0.002	0.002	0.978
0.096	0.267	0.634	0.003
0.060	0.001	0.001	0.938
0.001	0.068	0.889	0.042
0.375	0.546	0.011	0.068
>GATCWCAAGT	6-GATCWCAAGT	10.156709	0.000000	0	T:0.0(0.00%),B:0.8(100.00%),P:1e0	Tpos:0.0,Tstd:0.0,Bpos:2680370.8,Bstd:885242.4,StrandBias:0.0,Multiplicity:1.00
0.001	0.122	0.830	0.047
0.711	0.093	0.047	0.149
0.302	0.053	0.095	0.550
0.279	0.711	0.001	0.009
0.332	0.001	0.210	0.457
0.039	0.661	0.197	0.103
0.937	0.053	0.001	0.009
0.546	0.363	0.090	0.001
0.001	0.001	0.997	0.001
0.307	0.001	0.001	0.691
>KGACTKSAGT	7-KGACTKSAGT	10.827105	0.000000	0	T:8.0(0.96%),B:0.8(100.00%),P:1e0	Tpos:26.0,Tstd:0.9,Bpos:2069589.5,Bstd:1516958.4,StrandBias:-10.0,Multiplicity:1.00
0.088	0.002	0.386	0.524
0.235	0.005	0.734	0.026
0.971	0.001	0.027	0.001
0.046	0.864	0.089	0.001
0.070	0.001	0.002	0.927
0.077	0.211	0.315	0.397
0.005	0.426	0.566	0.003
0.950	0.002	0.001	0.047
0.001	0.089	0.851	0.059
0.082	0.031	0.003	0.884
>AACTCCAGTC	8-AACTCCAGTC	10.300765	0.000000	0	T:57.0(6.82%),B:0.8(100.00%),P:1e0	Tpos:26.2,Tstd:5.8,Bpos:2708349.8,Bstd:1224908.1,StrandBias:5.8,Multiplicity:1.00
0.588	0.252	0.062	0.098
0.654	0.068	0.094	0.184
0.137	0.675	0.056	0.132
0.093	0.163	0.145	0.599
0.041	0.821	0.072	0.066
0.086	0.813	0.040	0.061
0.783	0.059	0.081	0.077
0.045	0.111	0.781	0.063
0.112	0.103	0.175	0.610
0.085	0.733	0.134	0.048
>GATCTKAAGA	9-GATCTKAAGA	10.359337	0.000000	0	T:1.0(0.12%),B:0.8(100.00%),P:1e0	Tpos:5.0,Tstd:0.0,Bpos:2689245.0,Bstd:743686.4,StrandBias:10.0,Multiplicity:1.00
0.001	0.001	0.899	0.099
0.696	0.302	0.001	0.001
0.068	0.001	0.091	0.840
0.050	0.948	0.001	0.001
0.256	0.068	0.206	0.470
0.001	0.160	0.464	0.375
0.532	0.331	0.136	0.001
0.575	0.361	0.001	0.063
0.012	0.001	0.985	0.002
0.919	0.012	0.068	0.001
>GATCRGAMGW	10-GATCRGAMGW	11.340192	0.000000	0	T:0.0(0.00%),B:0.8(100.00%),P:1e0	Tpos:0.0,Tstd:0.0,Bpos:2633621.9,Bstd:1018257.7,StrandBias:0.0,Multiplicity:1.00
0.001	0.001	0.997	0.001
0.908	0.001	0.001	0.090
0.001	0.001	0.001	0.997
0.001	0.997	0.001	0.001
0.508	0.001	0.490	0.001
0.001	0.364	0.634	0.001
0.997	0.001	0.001	0.001
0.486	0.512	0.001	0.001
0.001	0.001	0.997	0.001
0.544	0.001	0.001	0.454
>GAAGAGARGA	11-GAAGAGARGA	10.383616	0.000000	0	T:0.0(0.00%),B:0.8(100.00%),P:1e0	Tpos:0.0,Tstd:0.0,Bpos:2257996.1,Bstd:1327709.3,StrandBias:0.0,Multiplicity:1.00
0.001	0.049	0.874	0.076
0.860	0.092	0.017	0.031
0.593	0.017	0.119	0.271
0.158	0.291	0.500	0.051
0.627	0.046	0.258	0.069
0.002	0.002	0.950	0.046
0.656	0.046	0.295	0.003
0.562	0.002	0.415	0.021
0.076	0.147	0.715	0.062
0.881	0.035	0.073	0.011
>GADARGRAGA	12-GADARGRAGA	8.635062	0.000000	0	T:0.0(0.00%),B:0.8(100.00%),P:1e0	Tpos:0.0,Tstd:0.0,Bpos:1359403.5,Bstd:971481.6,StrandBias:0.0,Multiplicity:1.00
0.011	0.001	0.918	0.070
0.783	0.001	0.215	0.001
0.332	0.016	0.385	0.267
0.562	0.092	0.345	0.001
0.416	0.112	0.396	0.076
0.238	0.039	0.683	0.040
0.377	0.168	0.454	0.001
0.705	0.016	0.228	0.051
0.211	0.239	0.535	0.015
0.709	0.054	0.198	0.039
