>CCCCCCCCCC	1-CCCCCCCCCC	8.721820	0.000000	0	T:11.0(1.32%),B:0.8(100.00%),P:1e0	Tpos:40.6,Tstd:2.9,Bpos:3905813.1,Bstd:999884.3,StrandBias:-6.0,Multiplicity:1.00
0.173	0.604	0.099	0.124
0.175	0.652	0.013	0.160
0.222	0.586	0.047	0.145
0.157	0.583	0.038	0.222
0.140	0.613	0.082	0.165
0.176	0.612	0.042	0.170
0.235	0.514	0.105	0.146
0.124	0.652	0.087	0.137
0.182	0.568	0.165	0.085
0.168	0.609	0.091	0.132
>AMGMGCAMAC	2-AMGMGCAMAC	9.597600	0.000000	0	T:0.0(0.00%),B:0.8(100.00%),P:1e0	Tpos:0.0,Tstd:0.0,Bpos:2365794.9,Bstd:926449.4,StrandBias:0.0,Multiplicity:1.00
0.628	0.190	0.127	0.055
0.397	0.355	0.001	0.247
0.001	0.091	0.830	0.078
0.469	0.475	0.001	0.055
0.011	0.001	0.842	0.146
0.138	0.845	0.001	0.016
0.997	0.001	0.001	0.001
0.498	0.500	0.001	0.001
0.495	0.055	0.338	0.113
0.174	0.814	0.011	0.001
>CCCCCCCCCC	3-CCCCCCCCCC	9.664835	0.000000	0	T:18.0(2.15%),B:0.8(100.00%),P:1e0	Tpos:39.7,Tstd:4.0,Bpos:2368942.0,Bstd:1785588.3,StrandBias:-10.0,Multiplicity:1.00
0.070	0.863	0.013	0.054
0.098	0.641	0.001	0.260
0.045	0.953	0.001	0.001
0.056	0.764	0.001	0.179
0.171	0.733	0.001	0.095
0.193	0.629	0.106	0.072
0.251	0.582	0.041	0.126
0.143	0.797	0.001	0.059
0.212	0.663	0.124	0.001
0.213	0.610	0.054	0.123
>CGCGCAAGCA	4-CGCGCAAGCA	11.823032	0.000000	0	T:114.0(13.64%),B:0.8(100.00%),P:1e0	Tpos:36.3,Tstd:2.9,Bpos:2336869.4,Bstd:1092807.0,StrandBias:10.0,Multiplicity:1.00
0.266	0.732	0.001	0.001
0.001	0.078	0.806	0.115
0.158	0.840	0.001	0.001
0.107	0.001	0.832	0.060
0.046	0.952	0.001	0.001
0.858	0.089	0.001	0.052
0.816	0.001	0.182	0.001
0.001	0.001	0.914	0.084
0.125	0.873	0.001	0.001
0.593	0.185	0.126	0.096
>AGACGTGTGC	5-AGACGTGTGC	11.501101	0.000000	0	T:74.0(8.85%),B:0.0(0.00%),P:1e0	Tpos:14.9,Tstd:5.6,Bpos:0.0,Bstd:0.0,StrandBias:-10.0,Multiplicity:1.00
0.879	0.030	0.001	0.090
0.002	0.331	0.656	0.011
0.766	0.097	0.001	0.136
0.076	0.855	0.068	0.001
0.001	0.021	0.884	0.094
0.018	0.002	0.002	0.978
0.096	0.267	0.634	0.003
0.060	0.001	0.001	0.938
0.001	0.068	0.889	0.042
0.375	0.546	0.011	0.068
>GATCWCAAGT	6-GATCWCAAGT	10.156709	0.000000	0	T:0.0(0.00%),B:0.8(100.00%),P:1e0	Tpos:0.0,Tstd:0.0,Bpos:2680370.8,Bstd:885242.4,StrandBias:0.0,Multiplicity:1.00
0.001	0.122	0.830	0.047
0.711	0.093	0.047	0.149
0.302	0.053	0.095	0.550
0.279	0.711	0.001	0.009
0.332	0.001	0.210	0.457
0.039	0.661	0.197	0.103
0.937	0.053	0.001	0.009
0.546	0.363	0.090	0.001
0.001	0.001	0.997	0.001
0.307	0.001	0.001	0.691
>KGACTKSAGT	7-KGACTKSAGT	10.827105	0.000000	0	T:8.0(0.96%),B:0.8(100.00%),P:1e0	Tpos:26.0,Tstd:0.9,Bpos:2069589.5,Bstd:1516958.4,StrandBias:-10.0,Multiplicity:1.00
0.088	0.002	0.386	0.524
0.235	0.005	0.734	0.026
0.971	0.001	0.027	0.001
0.046	0.864	0.089	0.001
0.070	0.001	0.002	0.927
0.077	0.211	0.315	0.397
0.005	0.426	0.566	0.003
0.950	0.002	0.001	0.047
0.001	0.089	0.851	0.059
0.082	0.031	0.003	0.884
>AACTCCAGTC	8-AACTCCAGTC	10.300765	0.000000	0	T:57.0(6.82%),B:0.8(100.00%),P:1e0	Tpos:26.2,Tstd:5.8,Bpos:2708349.8,Bstd:1224908.1,StrandBias:5.8,Multiplicity:1.00
0.588	0.252	0.062	0.098
0.654	0.068	0.094	0.184
0.137	0.675	0.056	0.132
0.093	0.163	0.145	0.599
0.041	0.821	0.072	0.066
0.086	0.813	0.040	0.061
0.783	0.059	0.081	0.077
0.045	0.111	0.781	0.063
0.112	0.103	0.175	0.610
0.085	0.733	0.134	0.048
>GATCTKAAGA	9-GATCTKAAGA	10.359337	0.000000	0	T:1.0(0.12%),B:0.8(100.00%),P:1e0	Tpos:5.0,Tstd:0.0,Bpos:2689245.0,Bstd:743686.4,StrandBias:10.0,Multiplicity:1.00
0.001	0.001	0.899	0.099
0.696	0.302	0.001	0.001
0.068	0.001	0.091	0.840
0.050	0.948	0.001	0.001
0.256	0.068	0.206	0.470
0.001	0.160	0.464	0.375
0.532	0.331	0.136	0.001
0.575	0.361	0.001	0.063
0.012	0.001	0.985	0.002
0.919	0.012	0.068	0.001
>GATCRGAMGW	10-GATCRGAMGW	11.340192	0.000000	0	T:0.0(0.00%),B:0.8(100.00%),P:1e0	Tpos:0.0,Tstd:0.0,Bpos:2633621.9,Bstd:1018257.7,StrandBias:0.0,Multiplicity:1.00
0.001	0.001	0.997	0.001
0.908	0.001	0.001	0.090
0.001	0.001	0.001	0.997
0.001	0.997	0.001	0.001
0.508	0.001	0.490	0.001
0.001	0.364	0.634	0.001
0.997	0.001	0.001	0.001
0.486	0.512	0.001	0.001
0.001	0.001	0.997	0.001
0.544	0.001	0.001	0.454
>GAAGAGARGA	11-GAAGAGARGA	10.383616	0.000000	0	T:0.0(0.00%),B:0.8(100.00%),P:1e0	Tpos:0.0,Tstd:0.0,Bpos:2257996.1,Bstd:1327709.3,StrandBias:0.0,Multiplicity:1.00
0.001	0.049	0.874	0.076
0.860	0.092	0.017	0.031
0.593	0.017	0.119	0.271
0.158	0.291	0.500	0.051
0.627	0.046	0.258	0.069
0.002	0.002	0.950	0.046
0.656	0.046	0.295	0.003
0.562	0.002	0.415	0.021
0.076	0.147	0.715	0.062
0.881	0.035	0.073	0.011
>GADARGRAGA	12-GADARGRAGA	8.635062	0.000000	0	T:0.0(0.00%),B:0.8(100.00%),P:1e0	Tpos:0.0,Tstd:0.0,Bpos:1359403.5,Bstd:971481.6,StrandBias:0.0,Multiplicity:1.00
0.011	0.001	0.918	0.070
0.783	0.001	0.215	0.001
0.332	0.016	0.385	0.267
0.562	0.092	0.345	0.001
0.416	0.112	0.396	0.076
0.238	0.039	0.683	0.040
0.377	0.168	0.454	0.001
0.705	0.016	0.228	0.051
0.211	0.239	0.535	0.015
0.709	0.054	0.198	0.039
>CASRCGCVWGCA	1-CASRCGCVWGCA	9.359472	0.000000	0	T:0.0(0.00%),B:0.8(100.00%),P:1e0	Tpos:0.0,Tstd:0.0,Bpos:1124257.0,Bstd:0.0,StrandBias:0.0,Multiplicity:1.00
0.063	0.807	0.107	0.023
0.656	0.148	0.061	0.135
0.072	0.328	0.415	0.185
0.398	0.180	0.340	0.081
0.167	0.731	0.043	0.059
0.152	0.110	0.688	0.050
0.193	0.450	0.069	0.289
0.290	0.314	0.384	0.012
0.304	0.163	0.176	0.356
0.099	0.063	0.769	0.069
0.342	0.558	0.069	0.031
0.698	0.192	0.031	0.079
>AGHKCASACGTS	2-AGHKCASACGTS	10.546096	0.000000	0	T:67.0(8.01%),B:0.0(0.00%),P:1e0	Tpos:18.5,Tstd:6.1,Bpos:0.0,Bstd:0.0,StrandBias:-10.0,Multiplicity:1.00
0.708	0.171	0.062	0.059
0.024	0.116	0.747	0.113
0.240	0.352	0.035	0.373
0.001	0.012	0.432	0.555
0.089	0.872	0.016	0.023
0.848	0.070	0.001	0.081
0.123	0.370	0.366	0.141
0.493	0.047	0.226	0.234
0.168	0.802	0.029	0.001
0.280	0.047	0.645	0.028
0.097	0.074	0.092	0.737
0.055	0.363	0.407	0.176
>MMSMGCACRCRC	3-MMSMGCACRCRC	7.870752	0.000000	0	T:0.0(0.00%),B:0.8(100.00%),P:1e0	Tpos:0.0,Tstd:0.0,Bpos:1446873.8,Bstd:319778.7,StrandBias:0.0,Multiplicity:1.00
0.402	0.495	0.067	0.036
0.326	0.367	0.204	0.104
0.225	0.404	0.334	0.038
0.361	0.359	0.170	0.111
0.051	0.121	0.495	0.334
0.084	0.664	0.224	0.028
0.701	0.112	0.142	0.045
0.291	0.449	0.259	0.001
0.405	0.090	0.437	0.068
0.271	0.661	0.067	0.001
0.365	0.052	0.498	0.085
0.227	0.396	0.204	0.173
>DCACRCGYCWGV	4-DCACRCGYCWGV	8.522117	0.000000	0	T:0.0(0.00%),B:0.8(100.00%),P:1e0	Tpos:0.0,Tstd:0.0,Bpos:1886214.6,Bstd:999889.3,StrandBias:0.0,Multiplicity:1.00
0.251	0.077	0.309	0.363
0.104	0.573	0.248	0.075
0.547	0.218	0.132	0.103
0.081	0.689	0.148	0.082
0.311	0.191	0.387	0.111
0.061	0.670	0.086	0.183
0.064	0.153	0.667	0.116
0.091	0.384	0.151	0.374
0.331	0.519	0.094	0.056
0.433	0.128	0.150	0.289
0.073	0.112	0.690	0.125
0.371	0.236	0.232	0.161
>CBVAVGMGCAAA	5-CBVAVGMGCAAA	8.742274	0.000000	0	T:0.0(0.00%),B:0.8(100.00%),P:1e0	Tpos:0.0,Tstd:0.0,Bpos:3749784.5,Bstd:155979.7,StrandBias:0.0,Multiplicity:1.00
0.001	0.473	0.266	0.260
0.192	0.247	0.219	0.342
0.224	0.364	0.283	0.129
0.593	0.286	0.015	0.106
0.325	0.255	0.257	0.163
0.127	0.225	0.583	0.065
0.484	0.339	0.176	0.001
0.141	0.001	0.748	0.110
0.124	0.869	0.006	0.001
0.613	0.282	0.060	0.045
0.612	0.092	0.295	0.001
0.478	0.179	0.277	0.065
>AGTCACGCGCAA	6-AGTCACGCGCAA	13.005713	0.000000	0	T:77.0(9.21%),B:0.0(0.00%),P:1e0	Tpos:32.3,Tstd:3.7,Bpos:0.0,Bstd:0.0,StrandBias:10.0,Multiplicity:1.00
0.835	0.142	0.001	0.022
0.001	0.163	0.678	0.158
0.148	0.001	0.079	0.772
0.077	0.775	0.001	0.147
0.753	0.210	0.001	0.036
0.045	0.818	0.079	0.058
0.001	0.224	0.648	0.127
0.101	0.642	0.256	0.001
0.093	0.031	0.725	0.151
0.046	0.742	0.136	0.076
0.686	0.255	0.001	0.058
0.828	0.058	0.056	0.058
>GGGGGGGGGGGG	7-GGGGGGGGGGGG	11.767489	0.000000	0	T:9.0(1.08%),B:0.8(100.00%),P:1e0	Tpos:41.2,Tstd:2.5,Bpos:3975516.8,Bstd:957017.4,StrandBias:10.0,Multiplicity:1.00
0.078	0.133	0.576	0.213
0.077	0.164	0.582	0.177
0.102	0.152	0.616	0.130
0.117	0.115	0.653	0.115
0.122	0.064	0.682	0.132
0.161	0.067	0.627	0.145
0.146	0.060	0.659	0.135
0.117	0.042	0.710	0.131
0.111	0.058	0.734	0.097
0.092	0.043	0.764	0.101
0.102	0.058	0.727	0.113
0.089	0.083	0.699	0.129
>ATCAGAAGASSG	8-ATCAGAAGASSG	13.865707	0.000000	0	T:11.0(1.32%),B:0.0(0.00%),P:1e0	Tpos:7.0,Tstd:0.0,Bpos:0.0,Bstd:0.0,StrandBias:10.0,Multiplicity:1.00
0.958	0.040	0.001	0.001
0.048	0.024	0.001	0.927
0.135	0.851	0.001	0.013
0.571	0.006	0.384	0.039
0.001	0.035	0.896	0.068
0.997	0.001	0.001	0.001
0.988	0.010	0.001	0.001
0.001	0.001	0.969	0.029
0.923	0.024	0.001	0.052
0.001	0.543	0.411	0.045
0.050	0.406	0.543	0.001
0.374	0.001	0.624	0.001
>RCTSGGAAAAGC	9-RCTSGGAAAAGC	10.817776	0.000000	0	T:0.0(0.00%),B:0.8(100.00%),P:1e0	Tpos:0.0,Tstd:0.0,Bpos:4207296.0,Bstd:211555.7,StrandBias:0.0,Multiplicity:1.00
0.363	0.001	0.424	0.211
0.269	0.609	0.099	0.023
0.326	0.058	0.001	0.615
0.165	0.353	0.397	0.086
0.001	0.211	0.787	0.001
0.047	0.307	0.645	0.001
0.609	0.001	0.339	0.051
0.581	0.417	0.001	0.001
0.699	0.047	0.157	0.097
0.951	0.001	0.047	0.001
0.001	0.422	0.576	0.001
0.263	0.686	0.050	0.001
>VRGAAGAGKRMA	10-VRGAAGAGKRMA	10.832534	0.000000	0	T:0.0(0.00%),B:0.8(100.00%),P:1e0	Tpos:0.0,Tstd:0.0,Bpos:741854.4,Bstd:255739.7,StrandBias:0.0,Multiplicity:1.00
0.270	0.400	0.322	0.008
0.374	0.094	0.523	0.009
0.187	0.082	0.707	0.024
0.907	0.025	0.059	0.009
0.947	0.001	0.001	0.051
0.097	0.049	0.760	0.094
0.744	0.254	0.001	0.001
0.195	0.091	0.666	0.048
0.084	0.232	0.395	0.288
0.369	0.188	0.389	0.053
0.484	0.512	0.003	0.001
0.802	0.027	0.170	0.001
>TCGGAAGMGGRA	11-TCGGAAGMGGRA	10.106733	0.000000	0	T:0.0(0.00%),B:0.8(100.00%),P:1e0	Tpos:0.0,Tstd:0.0,Bpos:2109481.0,Bstd:0.0,StrandBias:0.0,Multiplicity:1.00
0.022	0.140	0.250	0.588
0.284	0.499	0.216	0.001
0.001	0.001	0.767	0.231
0.140	0.164	0.613	0.083
0.578	0.158	0.263	0.001
0.697	0.009	0.164	0.130
0.001	0.152	0.765	0.082
0.371	0.385	0.200	0.045
0.001	0.079	0.898	0.022
0.197	0.270	0.532	0.001
0.394	0.236	0.337	0.032
0.492	0.186	0.251	0.071
>CCCCCCCC	1-CCCCCCCC	8.824140	0.000000	0	T:23.0(2.75%),B:0.8(100.00%),P:1e0	Tpos:40.6,Tstd:4.1,Bpos:3800058.9,Bstd:1054699.1,StrandBias:-5.1,Multiplicity:1.13
0.070	0.831	0.043	0.056
0.122	0.722	0.038	0.118
0.073	0.762	0.038	0.127
0.103	0.760	0.035	0.102
0.093	0.743	0.097	0.067
0.114	0.765	0.043	0.078
0.149	0.702	0.095	0.054
0.149	0.748	0.054	0.049
>TCRCRCGT	2-TCRCRCGT	7.231022	0.000000	0	T:8.0(0.96%),B:0.8(100.00%),P:1e0	Tpos:16.1,Tstd:9.0,Bpos:2223162.0,Bstd:1064221.8,StrandBias:10.0,Multiplicity:1.00
0.016	0.092	0.126	0.766
0.001	0.690	0.209	0.100
0.466	0.045	0.458	0.031
0.097	0.690	0.208	0.005
0.447	0.040	0.433	0.079
0.131	0.574	0.115	0.180
0.143	0.051	0.759	0.047
0.241	0.115	0.007	0.637
>GACKTSTG	3-GACKTSTG	7.816745	0.000000	0	T:88.0(10.53%),B:0.8(100.00%),P:1e0	Tpos:14.9,Tstd:6.2,Bpos:2535692.6,Bstd:1078442.4,StrandBias:-10.0,Multiplicity:1.00
0.079	0.117	0.736	0.068
0.890	0.018	0.055	0.037
0.132	0.731	0.082	0.055
0.022	0.068	0.462	0.448
0.073	0.024	0.125	0.778
0.046	0.431	0.465	0.058
0.387	0.024	0.031	0.558
0.001	0.013	0.848	0.138
>CGCAWGHC	4-CGCAWGHC	7.151652	0.000000	0	T:0.0(0.00%),B:0.8(100.00%),P:1e0	Tpos:0.0,Tstd:0.0,Bpos:2164326.2,Bstd:1064375.2,StrandBias:0.0,Multiplicity:1.00
0.048	0.826	0.095	0.031
0.003	0.151	0.522	0.324
0.003	0.978	0.018	0.001
0.583	0.100	0.315	0.002
0.482	0.163	0.005	0.349
0.001	0.040	0.841	0.118
0.251	0.226	0.169	0.354
0.302	0.552	0.001	0.145
>NCAMGCAH	5-NCAMGCAH	5.840321	0.000000	0	T:0.0(0.00%),B:0.8(100.00%),P:1e0	Tpos:0.0,Tstd:0.0,Bpos:1905607.9,Bstd:1000733.1,StrandBias:0.0,Multiplicity:1.00
0.347	0.238	0.208	0.207
0.081	0.633	0.211	0.075
0.623	0.041	0.245	0.091
0.327	0.358	0.129	0.186
0.089	0.058	0.725	0.128
0.097	0.761	0.080	0.062
0.477	0.096	0.227	0.200
0.262	0.407	0.074	0.257
>KCVMGTSN	6-KCVMGTSN	5.280413	0.000000	0	T:0.0(0.00%),B:0.8(100.00%),P:1e0	Tpos:0.0,Tstd:0.0,Bpos:2194381.1,Bstd:1230678.2,StrandBias:0.0,Multiplicity:1.00
0.081	0.093	0.359	0.467
0.035	0.717	0.211	0.037
0.219	0.315	0.317	0.149
0.415	0.468	0.046	0.071
0.037	0.226	0.702	0.035
0.081	0.150	0.069	0.700
0.193	0.400	0.269	0.138
0.307	0.265	0.167	0.261
>NGCKTGWS	7-NGCKTGWS	5.546366	0.000000	0	T:0.0(0.00%),B:0.8(100.00%),P:1e0	Tpos:0.0,Tstd:0.0,Bpos:2449443.4,Bstd:1249508.7,StrandBias:0.0,Multiplicity:1.00
0.302	0.224	0.230	0.244
0.138	0.085	0.639	0.138
0.080	0.780	0.088	0.052
0.198	0.059	0.342	0.401
0.044	0.288	0.131	0.537
0.076	0.186	0.687	0.051
0.264	0.209	0.141	0.386
0.145	0.356	0.455	0.044
>KAGCAAGA	8-KAGCAAGA	8.594859	0.000000	0	T:0.0(0.00%),B:0.8(100.00%),P:1e0	Tpos:0.0,Tstd:0.0,Bpos:2406728.2,Bstd:1144274.2,StrandBias:0.0,Multiplicity:1.00
0.077	0.001	0.513	0.409
0.756	0.242	0.001	0.001
0.001	0.001	0.997	0.001
0.001	0.583	0.415	0.001
0.716	0.001	0.282	0.001
0.700	0.001	0.001	0.298
0.001	0.001	0.997	0.001
0.732	0.266	0.001	0.001
>CRMGAGCA	9-CRMGAGCA	7.819722	0.000000	0	T:2.0(0.24%),B:0.8(100.00%),P:1e0	Tpos:19.0,Tstd:0.0,Bpos:2146487.3,Bstd:1144929.0,StrandBias:10.0,Multiplicity:1.00
0.033	0.698	0.208	0.061
0.359	0.048	0.376	0.216
0.357	0.419	0.202	0.022
0.204	0.166	0.629	0.001
0.876	0.109	0.014	0.001
0.037	0.001	0.938	0.024
0.101	0.821	0.077	0.001
0.814	0.128	0.057	0.001
>RCKCMAGN	10-RCKCMAGN	5.907416	0.000000	0	T:15.0(1.79%),B:0.8(100.00%),P:1e0	Tpos:28.8,Tstd:13.3,Bpos:2284422.4,Bstd:1094142.9,StrandBias:-2.0,Multiplicity:1.00
0.405	0.097	0.281	0.217
0.086	0.782	0.078	0.054
0.191	0.099	0.372	0.337
0.088	0.649	0.257	0.006
0.485	0.513	0.001	0.001
0.762	0.116	0.039	0.083
0.091	0.060	0.630	0.219
0.232	0.298	0.236	0.234
>CKSGAGCT	11-CKSGAGCT	6.490919	0.000000	0	T:2.0(0.24%),B:0.8(100.00%),P:1e0	Tpos:28.0,Tstd:6.0,Bpos:2242594.8,Bstd:1125057.1,StrandBias:-10.0,Multiplicity:1.00
0.061	0.623	0.130	0.186
0.187	0.149	0.293	0.371
0.010	0.336	0.422	0.232
0.119	0.270	0.571	0.040
0.633	0.264	0.043	0.060
0.032	0.039	0.836	0.093
0.075	0.688	0.041	0.196
0.288	0.075	0.141	0.496
>CGCGCCWG	12-CGCGCCWG	6.225204	0.000000	0	T:8.0(0.96%),B:0.8(100.00%),P:1e0	Tpos:19.8,Tstd:12.7,Bpos:2240467.3,Bstd:1124893.6,StrandBias:0.7,Multiplicity:1.00
0.227	0.474	0.090	0.209
0.129	0.154	0.645	0.072
0.109	0.695	0.031	0.165
0.134	0.181	0.513	0.172
0.114	0.480	0.172	0.234
0.157	0.581	0.198	0.064
0.445	0.058	0.157	0.339
0.081	0.229	0.570	0.120
>CGCGACWG	13-CGCGACWG	8.009764	0.000000	0	T:1.0(0.12%),B:0.8(100.00%),P:1e0	Tpos:44.0,Tstd:0.0,Bpos:2234871.8,Bstd:1109606.5,StrandBias:10.0,Multiplicity:1.00
0.163	0.835	0.001	0.001
0.001	0.001	0.997	0.001
0.001	0.868	0.001	0.130
0.090	0.100	0.809	0.001
0.455	0.208	0.122	0.215
0.182	0.531	0.286	0.001
0.340	0.001	0.187	0.472
0.001	0.309	0.689	0.001
>GKSKGGYG	14-GKSKGGYG	7.183600	0.000000	0	T:1.0(0.12%),B:0.8(100.00%),P:1e0	Tpos:0.0,Tstd:0.0,Bpos:2332612.4,Bstd:1106009.6,StrandBias:0.0,Multiplicity:1.00
0.001	0.001	0.824	0.174
0.096	0.088	0.369	0.447
0.142	0.347	0.453	0.057
0.037	0.001	0.448	0.514
0.001	0.247	0.732	0.020
0.001	0.288	0.706	0.005
0.130	0.455	0.001	0.414
0.001	0.001	0.997	0.001
>GCGNGDBN	15-GCGNGDBN	4.578580	0.000000	0	T:1.0(0.12%),B:0.8(100.00%),P:1e0	Tpos:19.0,Tstd:0.0,Bpos:2220837.2,Bstd:1057656.9,StrandBias:-10.0,Multiplicity:1.00
0.022	0.001	0.976	0.001
0.200	0.625	0.168	0.007
0.318	0.090	0.591	0.001
0.199	0.271	0.270	0.260
0.223	0.258	0.451	0.068
0.291	0.122	0.288	0.298
0.174	0.345	0.279	0.202
0.281	0.179	0.328	0.212
>GTSACGCG	16-GTSACGCG	9.019358	0.000000	0	T:88.0(10.53%),B:0.8(100.00%),P:1e0	Tpos:31.2,Tstd:3.5,Bpos:2265959.2,Bstd:1102614.0,StrandBias:6.4,Multiplicity:1.00
0.171	0.149	0.679	0.001
0.296	0.075	0.001	0.628
0.001	0.540	0.458	0.001
0.620	0.265	0.032	0.083
0.001	0.997	0.001	0.001
0.001	0.001	0.891	0.107
0.001	0.997	0.001	0.001
0.001	0.001	0.997	0.001
>CGHGCTGG	17-CGHGCTGG	7.335939	0.000000	0	T:1.0(0.12%),B:0.8(100.00%),P:1e0	Tpos:37.0,Tstd:0.0,Bpos:2103884.4,Bstd:1121681.0,StrandBias:-10.0,Multiplicity:1.00
0.252	0.446	0.179	0.123
0.296	0.227	0.476	0.001
0.305	0.207	0.169	0.319
0.001	0.001	0.997	0.001
0.001	0.851	0.147	0.001
0.001	0.308	0.067	0.624
0.001	0.001	0.997	0.001
0.001	0.343	0.655	0.001
>CNBCHNGC	18-CNBCHNGC	4.859183	0.000000	0	T:3.0(0.36%),B:0.8(100.00%),P:1e0	Tpos:24.0,Tstd:15.6,Bpos:2206332.0,Bstd:1116243.9,StrandBias:-1.0,Multiplicity:1.00
0.143	0.572	0.227	0.058
0.204	0.348	0.209	0.240
0.075	0.350	0.353	0.222
0.168	0.515	0.239	0.078
0.365	0.293	0.115	0.227
0.203	0.283	0.256	0.259
0.079	0.129	0.588	0.204
0.070	0.895	0.015	0.020
>CGCGWKGC	19-CGCGWKGC	7.687112	0.000000	0	T:2.0(0.24%),B:0.8(100.00%),P:1e0	Tpos:11.0,Tstd:8.0,Bpos:2204156.5,Bstd:1153010.9,StrandBias:-10.0,Multiplicity:1.00
0.001	0.997	0.001	0.001
0.337	0.039	0.575	0.049
0.182	0.678	0.139	0.001
0.001	0.263	0.735	0.001
0.335	0.201	0.001	0.463
0.055	0.178	0.326	0.441
0.196	0.165	0.572	0.067
0.001	0.997	0.001	0.001
>GSYGSYGG	20-GSYGSYGG	7.443338	0.000000	0	T:0.0(0.00%),B:0.8(100.00%),P:1e0	Tpos:0.0,Tstd:0.0,Bpos:1769330.5,Bstd:1110649.4,StrandBias:0.0,Multiplicity:1.00
0.001	0.001	0.997	0.001
0.001	0.541	0.457	0.001
0.186	0.366	0.144	0.305
0.001	0.001	0.997	0.001
0.001	0.429	0.569	0.001
0.118	0.443	0.020	0.419
0.001	0.001	0.712	0.286
0.001	0.162	0.738	0.099
>CGCGVCNC	21-CGCGVCNC	6.783331	0.000000	0	T:2.0(0.24%),B:0.8(100.00%),P:1e0	Tpos:23.0,Tstd:15.0,Bpos:2047258.8,Bstd:1160985.3,StrandBias:10.0,Multiplicity:1.00
0.385	0.613	0.001	0.001
0.001	0.001	0.997	0.001
0.001	0.997	0.001	0.001
0.227	0.010	0.600	0.163
0.242	0.229	0.359	0.170
0.001	0.582	0.231	0.186
0.201	0.201	0.297	0.301
0.001	0.586	0.412	0.001
>GCDRRVBG	22-GCDRRVBG	4.937089	0.000000	0	T:0.0(0.00%),B:0.8(100.00%),P:1e0	Tpos:0.0,Tstd:0.0,Bpos:2541750.6,Bstd:1132741.1,StrandBias:0.0,Multiplicity:1.00
0.001	0.006	0.992	0.001
0.060	0.611	0.322	0.007
0.288	0.119	0.366	0.227
0.252	0.156	0.371	0.221
0.274	0.188	0.375	0.163
0.374	0.353	0.273	0.001
0.157	0.345	0.210	0.288
0.121	0.200	0.534	0.145
>CAGSCKGC	23-CAGSCKGC	8.650480	0.000000	0	T:0.0(0.00%),B:0.8(100.00%),P:1e0	Tpos:0.0,Tstd:0.0,Bpos:2109263.5,Bstd:1060652.6,StrandBias:0.0,Multiplicity:1.00
0.001	0.997	0.001	0.001
0.997	0.001	0.001	0.001
0.001	0.001	0.997	0.001
0.091	0.343	0.476	0.091
0.001	0.997	0.001	0.001
0.166	0.168	0.343	0.323
0.001	0.375	0.542	0.082
0.001	0.997	0.001	0.001
>GGAGCAGS	24-GGAGCAGS	7.749250	0.000000	0	T:1.0(0.12%),B:0.8(100.00%),P:1e0	Tpos:23.0,Tstd:0.0,Bpos:2079414.8,Bstd:1181284.4,StrandBias:-10.0,Multiplicity:1.00
0.001	0.217	0.781	0.001
0.001	0.378	0.620	0.001
0.655	0.343	0.001	0.001
0.038	0.001	0.747	0.214
0.106	0.531	0.362	0.001
0.830	0.168	0.001	0.001
0.188	0.007	0.600	0.205
0.001	0.565	0.433	0.001
>GSTKBYNG	25-GSTKBYNG	4.541275	0.000000	0	T:1.0(0.12%),B:0.8(100.00%),P:1e0	Tpos:27.0,Tstd:0.0,Bpos:2157978.7,Bstd:1135382.7,StrandBias:10.0,Multiplicity:1.00
0.018	0.189	0.705	0.088
0.097	0.477	0.341	0.084
0.080	0.276	0.195	0.448
0.092	0.141	0.418	0.349
0.133	0.304	0.281	0.283
0.140	0.364	0.190	0.305
0.185	0.317	0.202	0.296
0.071	0.251	0.648	0.030
