>GGCCTTTTGC	1-GGCCTTTTGC	13.808531	0.000000	0	T:25.0(2.62%),B:0.8(100.00%),P:1e0	Tpos:27.0,Tstd:12.0,Bpos:2136.5,Bstd:4.8,StrandBias:5.2,Multiplicity:1.52
0.001	0.001	0.997	0.001
0.001	0.001	0.997	0.001
0.001	0.997	0.001	0.001
0.025	0.973	0.001	0.001
0.001	0.001	0.001	0.997
0.001	0.001	0.001	0.997
0.001	0.001	0.001	0.997
0.001	0.001	0.001	0.997
0.001	0.001	0.997	0.001
0.001	0.997	0.001	0.001
>BCAGTTGGST	2-BCAGTTGGST	7.816533	0.000000	0	T:10.0(1.05%),B:0.8(100.00%),P:1e0	Tpos:14.4,Tstd:7.4,Bpos:3687.0,Bstd:0.0,StrandBias:10.0,Multiplicity:1.00
0.043	0.283	0.274	0.400
0.022	0.712	0.127	0.139
0.599	0.115	0.167	0.119
0.063	0.096	0.705	0.136
0.087	0.199	0.099	0.615
0.014	0.279	0.151	0.556
0.063	0.217	0.568	0.152
0.022	0.295	0.548	0.135
0.086	0.337	0.395	0.181
0.215	0.155	0.161	0.468
>NNDSSYMDYB	3-NNDSSYMDYB	4.542173	0.000000	0	T:36.0(3.77%),B:0.8(100.00%),P:1e0	Tpos:26.3,Tstd:11.3,Bpos:389.0,Bstd:0.0,StrandBias:4.1,Multiplicity:1.00
0.311	0.240	0.215	0.235
0.236	0.340	0.192	0.232
0.315	0.031	0.265	0.389
0.002	0.460	0.513	0.025
0.081	0.391	0.519	0.009
0.029	0.437	0.195	0.339
0.285	0.345	0.192	0.177
0.254	0.033	0.390	0.322
0.067	0.320	0.204	0.409
0.160	0.340	0.209	0.291
>CAYACATCSC	4-CAYACATCSC	12.448608	0.000000	0	T:2.0(0.21%),B:0.0(0.00%),P:1e0	Tpos:8.0,Tstd:0.0,Bpos:0.0,Bstd:0.0,StrandBias:10.0,Multiplicity:1.00
0.001	0.997	0.001	0.001
0.997	0.001	0.001	0.001
0.001	0.499	0.001	0.499
0.997	0.001	0.001	0.001
0.001	0.997	0.001	0.001
0.997	0.001	0.001	0.001
0.001	0.001	0.001	0.997
0.001	0.997	0.001	0.001
0.001	0.499	0.499	0.001
0.001	0.997	0.001	0.001
>CGACGACGGT	5-CGACGACGGT	12.090616	0.000000	0	T:2.0(0.21%),B:0.8(100.00%),P:1e0	Tpos:41.5,Tstd:1.5,Bpos:1147.0,Bstd:0.0,StrandBias:10.0,Multiplicity:1.00
0.016	0.813	0.001	0.170
0.024	0.001	0.974	0.001
0.799	0.137	0.059	0.005
0.050	0.844	0.042	0.064
0.046	0.023	0.929	0.002
0.696	0.250	0.021	0.033
0.081	0.916	0.001	0.002
0.097	0.036	0.748	0.119
0.119	0.018	0.736	0.127
0.001	0.002	0.021	0.976
