>GGGGGGGG	1-GGGGGGGG	10.566975	0.000000	0	T:238.0(22.56%),B:0.8(100.00%),P:1e0	Tpos:84.4,Tstd:12.4,Bpos:3800058.6,Bstd:1054687.8,StrandBias:4.9,Multiplicity:1.16
0.004	0.014	0.917	0.065
0.002	0.009	0.924	0.065
0.002	0.009	0.932	0.057
0.002	0.007	0.934	0.057
0.002	0.006	0.936	0.056
0.001	0.005	0.949	0.045
0.002	0.006	0.947	0.045
0.001	0.008	0.955	0.036
>CCCCCMCM	2-CCCCCMCM	5.603228	0.000000	0	T:258.0(24.45%),B:0.8(100.00%),P:1e0	Tpos:81.1,Tstd:12.4,Bpos:2651323.9,Bstd:1321341.3,StrandBias:-5.9,Multiplicity:1.13
0.239	0.560	0.068	0.133
0.238	0.585	0.040	0.137
0.151	0.545	0.043	0.261
0.270	0.431	0.097	0.202
0.209	0.645	0.117	0.029
0.297	0.444	0.073	0.186
0.216	0.578	0.083	0.123
0.325	0.475	0.079	0.121
>GGTGGGGG	3-GGTGGGGG	8.762024	0.000000	0	T:166.0(15.73%),B:0.8(100.00%),P:1e0	Tpos:78.5,Tstd:12.7,Bpos:2432410.6,Bstd:1171315.1,StrandBias:4.2,Multiplicity:1.19
0.034	0.030	0.831	0.105
0.052	0.061	0.773	0.114
0.046	0.058	0.359	0.537
0.040	0.040	0.771	0.149
0.047	0.039	0.735	0.179
0.045	0.058	0.729	0.168
0.027	0.036	0.822	0.115
0.042	0.028	0.832	0.098
>GGGAAGAG	4-GGGAAGAG	8.795685	0.000000	0	T:6.0(0.57%),B:0.8(100.00%),P:1e0	Tpos:39.0,Tstd:15.3,Bpos:2297681.6,Bstd:1108623.8,StrandBias:2.3,Multiplicity:1.00
0.095	0.127	0.691	0.087
0.044	0.054	0.846	0.056
0.185	0.057	0.697	0.061
0.762	0.148	0.057	0.033
0.829	0.025	0.065	0.081
0.094	0.076	0.791	0.039
0.615	0.143	0.087	0.155
0.064	0.060	0.805	0.071
>CACSTSTK	5-CACSTSTK	7.459345	0.000000	0	T:14.0(1.33%),B:0.8(100.00%),P:1e0	Tpos:23.0,Tstd:13.9,Bpos:2231728.0,Bstd:1067202.4,StrandBias:3.7,Multiplicity:1.00
0.001	0.766	0.232	0.001
0.646	0.001	0.001	0.352
0.233	0.525	0.001	0.241
0.055	0.430	0.514	0.001
0.001	0.001	0.001	0.997
0.185	0.433	0.381	0.001
0.030	0.001	0.087	0.882
0.001	0.030	0.448	0.521
