>CACACACACACA	4-CACACACACACA,BestGuess:SeqBias: CA-repeat(0.906)	11.127118	0.000000	0	T:1786.0(0.32%),B:0.0(0.00%),P:1e0
0.165	0.482	0.200	0.153
0.536	0.132	0.151	0.181
0.102	0.725	0.171	0.002
0.640	0.105	0.017	0.238
0.052	0.716	0.229	0.003
0.694	0.115	0.031	0.160
0.048	0.695	0.256	0.001
0.653	0.136	0.023	0.188
0.029	0.746	0.224	0.001
0.670	0.106	0.035	0.189
0.061	0.645	0.217	0.077
0.465	0.200	0.173	0.162
