>GGGGGGGGGGGG	2-GGGGGGGGGGGG	12.570532	0.000000	0	T:185.0(17.54%),B:0.8(100.00%),P:1e0
0.028	0.020	0.761	0.191
0.013	0.031	0.766	0.190
0.015	0.018	0.787	0.180
0.011	0.020	0.799	0.170
0.036	0.035	0.737	0.192
0.007	0.020	0.807	0.166
0.032	0.019	0.793	0.156
0.008	0.016	0.818	0.158
0.009	0.018	0.828	0.145
0.009	0.034	0.806	0.151
0.010	0.023	0.837	0.130
0.010	0.021	0.834	0.135
