>YGCCCTTCCSCA	3-TGSGGAAGGGCR	10.447083	0.000000	0	T:0.0(0.00%),B:0.8(100.00%),P:1e0
0.084	0.493	0.068	0.355
0.066	0.286	0.565	0.083
0.041	0.623	0.059	0.277
0.053	0.599	0.114	0.234
0.311	0.534	0.065	0.090
0.079	0.052	0.041	0.828
0.049	0.059	0.103	0.789
0.222	0.648	0.068	0.062
0.115	0.526	0.261	0.098
0.043	0.403	0.508	0.046
0.258	0.519	0.169	0.054
0.630	0.195	0.067	0.108
