>GGGGGGGGGG	1-GGGGGGGGGG	11.654431	0.000000	0	T:189.0(17.91%),B:0.8(100.00%),P:1e0	Tpos:83.7,Tstd:12.6,Bpos:3905812.8,Bstd:999873.5,StrandBias:5.0,Multiplicity:1.06
0.024	0.038	0.727	0.211
0.010	0.028	0.749	0.213
0.008	0.019	0.786	0.187
0.007	0.019	0.800	0.174
0.011	0.017	0.808	0.164
0.010	0.015	0.816	0.159
0.012	0.012	0.832	0.144
0.007	0.016	0.838	0.139
0.005	0.015	0.828	0.152
0.007	0.015	0.843	0.135
>GGGGGGGGGG	2-GGGGGGGGGG	8.909668	0.000000	0	T:232.0(21.99%),B:0.8(100.00%),P:1e0	Tpos:83.4,Tstd:11.0,Bpos:0.0,Bstd:0.0,StrandBias:10.0,Multiplicity:1.10
0.117	0.058	0.538	0.287
0.057	0.054	0.572	0.317
0.019	0.052	0.584	0.345
0.010	0.002	0.736	0.252
0.016	0.031	0.642	0.311
0.083	0.044	0.604	0.269
0.001	0.043	0.601	0.355
0.001	0.028	0.734	0.237
0.008	0.034	0.709	0.249
0.001	0.049	0.745	0.205
>GGGKGGGGGG	3-GGGKGGGGGG	7.774288	0.000000	0	T:239.0(22.65%),B:0.8(100.00%),P:1e0	Tpos:82.1,Tstd:7.1,Bpos:2368942.0,Bstd:1785570.5,StrandBias:3.8,Multiplicity:1.15
0.079	0.095	0.529	0.297
0.046	0.073	0.545	0.336
0.009	0.053	0.588	0.350
0.058	0.071	0.494	0.377
0.042	0.074	0.520	0.364
0.046	0.040	0.613	0.301
0.069	0.050	0.549	0.332
0.099	0.053	0.545	0.303
0.065	0.058	0.634	0.243
0.033	0.047	0.587	0.333
>RAKCRCACGH	4-RAKCRCACGH	7.379605	0.000000	0	T:0.0(0.00%),B:0.8(100.00%),P:1e0	Tpos:0.0,Tstd:0.0,Bpos:3533068.0,Bstd:0.0,StrandBias:0.0,Multiplicity:1.00
0.390	0.058	0.501	0.051
0.508	0.330	0.056	0.106
0.033	0.045	0.473	0.449
0.263	0.476	0.233	0.028
0.406	0.017	0.530	0.047
0.149	0.546	0.269	0.036
0.804	0.062	0.078	0.056
0.371	0.606	0.013	0.010
0.216	0.036	0.533	0.215
0.355	0.325	0.065	0.255
>WTCAGAMGWS	5-WTCAGAMGWS	8.158937	0.000000	0	T:1.0(0.09%),B:0.8(100.00%),P:1e0	Tpos:32.0,Tstd:0.0,Bpos:2716360.1,Bstd:1074843.3,StrandBias:10.0,Multiplicity:1.00
0.530	0.036	0.001	0.433
0.001	0.018	0.381	0.600
0.205	0.678	0.116	0.001
0.730	0.001	0.192	0.077
0.001	0.234	0.509	0.256
0.812	0.042	0.117	0.029
0.426	0.407	0.091	0.076
0.001	0.001	0.687	0.311
0.450	0.059	0.056	0.435
0.109	0.388	0.389	0.114
