>GGGGGGGGGG	1-GGGGGGGGGG	11.654431	0.000000	0	T:189.0(17.91%),B:0.8(100.00%),P:1e0	Tpos:83.7,Tstd:12.6,Bpos:3905812.8,Bstd:999873.5,StrandBias:5.0,Multiplicity:1.06
0.024	0.038	0.727	0.211
0.010	0.028	0.749	0.213
0.008	0.019	0.786	0.187
0.007	0.019	0.800	0.174
0.011	0.017	0.808	0.164
0.010	0.015	0.816	0.159
0.012	0.012	0.832	0.144
0.007	0.016	0.838	0.139
0.005	0.015	0.828	0.152
0.007	0.015	0.843	0.135
>GGGGGGGGGG	2-GGGGGGGGGG	8.909668	0.000000	0	T:232.0(21.99%),B:0.8(100.00%),P:1e0	Tpos:83.4,Tstd:11.0,Bpos:0.0,Bstd:0.0,StrandBias:10.0,Multiplicity:1.10
0.117	0.058	0.538	0.287
0.057	0.054	0.572	0.317
0.019	0.052	0.584	0.345
0.010	0.002	0.736	0.252
0.016	0.031	0.642	0.311
0.083	0.044	0.604	0.269
0.001	0.043	0.601	0.355
0.001	0.028	0.734	0.237
0.008	0.034	0.709	0.249
0.001	0.049	0.745	0.205
>GGGKGGGGGG	3-GGGKGGGGGG	7.774288	0.000000	0	T:239.0(22.65%),B:0.8(100.00%),P:1e0	Tpos:82.1,Tstd:7.1,Bpos:2368942.0,Bstd:1785570.5,StrandBias:3.8,Multiplicity:1.15
0.079	0.095	0.529	0.297
0.046	0.073	0.545	0.336
0.009	0.053	0.588	0.350
0.058	0.071	0.494	0.377
0.042	0.074	0.520	0.364
0.046	0.040	0.613	0.301
0.069	0.050	0.549	0.332
0.099	0.053	0.545	0.303
0.065	0.058	0.634	0.243
0.033	0.047	0.587	0.333
>RAKCRCACGH	4-RAKCRCACGH	7.379605	0.000000	0	T:0.0(0.00%),B:0.8(100.00%),P:1e0	Tpos:0.0,Tstd:0.0,Bpos:3533068.0,Bstd:0.0,StrandBias:0.0,Multiplicity:1.00
0.390	0.058	0.501	0.051
0.508	0.330	0.056	0.106
0.033	0.045	0.473	0.449
0.263	0.476	0.233	0.028
0.406	0.017	0.530	0.047
0.149	0.546	0.269	0.036
0.804	0.062	0.078	0.056
0.371	0.606	0.013	0.010
0.216	0.036	0.533	0.215
0.355	0.325	0.065	0.255
>WTCAGAMGWS	5-WTCAGAMGWS	8.158937	0.000000	0	T:1.0(0.09%),B:0.8(100.00%),P:1e0	Tpos:32.0,Tstd:0.0,Bpos:2716360.1,Bstd:1074843.3,StrandBias:10.0,Multiplicity:1.00
0.530	0.036	0.001	0.433
0.001	0.018	0.381	0.600
0.205	0.678	0.116	0.001
0.730	0.001	0.192	0.077
0.001	0.234	0.509	0.256
0.812	0.042	0.117	0.029
0.426	0.407	0.091	0.076
0.001	0.001	0.687	0.311
0.450	0.059	0.056	0.435
0.109	0.388	0.389	0.114
>GGGGGGGGGGGG	1-GGGGGGGGGGGG	16.148607	0.000000	0	T:137.0(12.99%),B:0.8(100.00%),P:1e0	Tpos:82.9,Tstd:13.0,Bpos:3975516.8,Bstd:957007.4,StrandBias:5.0,Multiplicity:1.04
0.006	0.016	0.926	0.052
0.002	0.009	0.944	0.045
0.001	0.007	0.953	0.039
0.001	0.005	0.958	0.036
0.001	0.003	0.956	0.040
0.001	0.001	0.962	0.036
0.001	0.002	0.965	0.032
0.001	0.002	0.970	0.027
0.001	0.002	0.972	0.025
0.001	0.002	0.973	0.024
0.001	0.003	0.972	0.024
0.001	0.004	0.973	0.022
>GGGGGGGGGGGG	2-GGGGGGGGGGGG	12.570532	0.000000	0	T:185.0(17.54%),B:0.8(100.00%),P:1e0	Tpos:86.4,Tstd:7.3,Bpos:0.0,Bstd:0.0,StrandBias:10.0,Multiplicity:1.09
0.028	0.020	0.761	0.191
0.013	0.031	0.766	0.190
0.015	0.018	0.787	0.180
0.011	0.020	0.799	0.170
0.036	0.035	0.737	0.192
0.007	0.020	0.807	0.166
0.032	0.019	0.793	0.156
0.008	0.016	0.818	0.158
0.009	0.018	0.828	0.145
0.009	0.034	0.806	0.151
0.010	0.023	0.837	0.130
0.010	0.021	0.834	0.135
>TGSGGAAGGGCR	3-TGSGGAAGGGCR	10.447083	0.000000	0	T:0.0(0.00%),B:0.8(100.00%),P:1e0	Tpos:0.0,Tstd:0.0,Bpos:935933.0,Bstd:0.0,StrandBias:0.0,Multiplicity:1.00
0.108	0.067	0.195	0.630
0.054	0.169	0.519	0.258
0.046	0.508	0.403	0.043
0.098	0.261	0.526	0.115
0.062	0.068	0.648	0.222
0.789	0.103	0.059	0.049
0.828	0.041	0.052	0.079
0.090	0.065	0.534	0.311
0.234	0.114	0.599	0.053
0.277	0.059	0.623	0.041
0.083	0.565	0.286	0.066
0.355	0.068	0.493	0.084
>GGGGGGGGGGGG	4-GGGGGGGGGGGG	10.719250	0.000000	0	T:176.0(16.68%),B:0.8(100.00%),P:1e0	Tpos:87.7,Tstd:8.5,Bpos:0.0,Bstd:0.0,StrandBias:10.0,Multiplicity:1.06
0.214	0.105	0.447	0.233
0.143	0.050	0.486	0.320
0.102	0.083	0.550	0.265
0.031	0.041	0.625	0.303
0.027	0.028	0.685	0.260
0.027	0.035	0.687	0.251
0.051	0.027	0.647	0.275
0.064	0.017	0.649	0.270
0.017	0.042	0.735	0.206
0.048	0.015	0.697	0.240
0.025	0.030	0.751	0.194
0.001	0.082	0.721	0.196
>RASAKCABACGA	5-RASAKCABACGA	9.373106	0.000000	0	T:0.0(0.00%),B:0.8(100.00%),P:1e0	Tpos:0.0,Tstd:0.0,Bpos:499750.0,Bstd:0.0,StrandBias:0.0,Multiplicity:1.00
0.328	0.108	0.374	0.191
0.698	0.030	0.138	0.134
0.123	0.383	0.423	0.070
0.487	0.045	0.188	0.280
0.001	0.097	0.453	0.449
0.293	0.693	0.001	0.013
0.801	0.001	0.197	0.001
0.122	0.226	0.362	0.290
0.902	0.004	0.058	0.036
0.347	0.540	0.052	0.061
0.177	0.021	0.722	0.080
0.454	0.166	0.124	0.256
>GGGGGGGG	1-GGGGGGGG	10.566975	0.000000	0	T:238.0(22.56%),B:0.8(100.00%),P:1e0	Tpos:84.4,Tstd:12.4,Bpos:3800058.6,Bstd:1054687.8,StrandBias:4.9,Multiplicity:1.16
0.004	0.014	0.917	0.065
0.002	0.009	0.924	0.065
0.002	0.009	0.932	0.057
0.002	0.007	0.934	0.057
0.002	0.006	0.936	0.056
0.001	0.005	0.949	0.045
0.002	0.006	0.947	0.045
0.001	0.008	0.955	0.036
>CCCCCMCM	2-CCCCCMCM	5.603228	0.000000	0	T:258.0(24.45%),B:0.8(100.00%),P:1e0	Tpos:81.1,Tstd:12.4,Bpos:2651323.9,Bstd:1321341.3,StrandBias:-5.9,Multiplicity:1.13
0.239	0.560	0.068	0.133
0.238	0.585	0.040	0.137
0.151	0.545	0.043	0.261
0.270	0.431	0.097	0.202
0.209	0.645	0.117	0.029
0.297	0.444	0.073	0.186
0.216	0.578	0.083	0.123
0.325	0.475	0.079	0.121
>GGTGGGGG	3-GGTGGGGG	8.762024	0.000000	0	T:166.0(15.73%),B:0.8(100.00%),P:1e0	Tpos:78.5,Tstd:12.7,Bpos:2432410.6,Bstd:1171315.1,StrandBias:4.2,Multiplicity:1.19
0.034	0.030	0.831	0.105
0.052	0.061	0.773	0.114
0.046	0.058	0.359	0.537
0.040	0.040	0.771	0.149
0.047	0.039	0.735	0.179
0.045	0.058	0.729	0.168
0.027	0.036	0.822	0.115
0.042	0.028	0.832	0.098
>GGGAAGAG	4-GGGAAGAG	8.795685	0.000000	0	T:6.0(0.57%),B:0.8(100.00%),P:1e0	Tpos:39.0,Tstd:15.3,Bpos:2297681.6,Bstd:1108623.8,StrandBias:2.3,Multiplicity:1.00
0.095	0.127	0.691	0.087
0.044	0.054	0.846	0.056
0.185	0.057	0.697	0.061
0.762	0.148	0.057	0.033
0.829	0.025	0.065	0.081
0.094	0.076	0.791	0.039
0.615	0.143	0.087	0.155
0.064	0.060	0.805	0.071
>CACSTSTK	5-CACSTSTK	7.459345	0.000000	0	T:14.0(1.33%),B:0.8(100.00%),P:1e0	Tpos:23.0,Tstd:13.9,Bpos:2231728.0,Bstd:1067202.4,StrandBias:3.7,Multiplicity:1.00
0.001	0.766	0.232	0.001
0.646	0.001	0.001	0.352
0.233	0.525	0.001	0.241
0.055	0.430	0.514	0.001
0.001	0.001	0.001	0.997
0.185	0.433	0.381	0.001
0.030	0.001	0.087	0.882
0.001	0.030	0.448	0.521
