>GGGGGGGGGGGG	1-GGGGGGGGGGGG	16.148607	0.000000	0	T:137.0(12.99%),B:0.8(100.00%),P:1e0	Tpos:82.9,Tstd:13.0,Bpos:3975516.8,Bstd:957007.4,StrandBias:5.0,Multiplicity:1.04
0.006	0.016	0.926	0.052
0.002	0.009	0.944	0.045
0.001	0.007	0.953	0.039
0.001	0.005	0.958	0.036
0.001	0.003	0.956	0.040
0.001	0.001	0.962	0.036
0.001	0.002	0.965	0.032
0.001	0.002	0.970	0.027
0.001	0.002	0.972	0.025
0.001	0.002	0.973	0.024
0.001	0.003	0.972	0.024
0.001	0.004	0.973	0.022
>GGGGGGGGGGGG	2-GGGGGGGGGGGG	12.570532	0.000000	0	T:185.0(17.54%),B:0.8(100.00%),P:1e0	Tpos:86.4,Tstd:7.3,Bpos:0.0,Bstd:0.0,StrandBias:10.0,Multiplicity:1.09
0.028	0.020	0.761	0.191
0.013	0.031	0.766	0.190
0.015	0.018	0.787	0.180
0.011	0.020	0.799	0.170
0.036	0.035	0.737	0.192
0.007	0.020	0.807	0.166
0.032	0.019	0.793	0.156
0.008	0.016	0.818	0.158
0.009	0.018	0.828	0.145
0.009	0.034	0.806	0.151
0.010	0.023	0.837	0.130
0.010	0.021	0.834	0.135
>TGSGGAAGGGCR	3-TGSGGAAGGGCR	10.447083	0.000000	0	T:0.0(0.00%),B:0.8(100.00%),P:1e0	Tpos:0.0,Tstd:0.0,Bpos:935933.0,Bstd:0.0,StrandBias:0.0,Multiplicity:1.00
0.108	0.067	0.195	0.630
0.054	0.169	0.519	0.258
0.046	0.508	0.403	0.043
0.098	0.261	0.526	0.115
0.062	0.068	0.648	0.222
0.789	0.103	0.059	0.049
0.828	0.041	0.052	0.079
0.090	0.065	0.534	0.311
0.234	0.114	0.599	0.053
0.277	0.059	0.623	0.041
0.083	0.565	0.286	0.066
0.355	0.068	0.493	0.084
>GGGGGGGGGGGG	4-GGGGGGGGGGGG	10.719250	0.000000	0	T:176.0(16.68%),B:0.8(100.00%),P:1e0	Tpos:87.7,Tstd:8.5,Bpos:0.0,Bstd:0.0,StrandBias:10.0,Multiplicity:1.06
0.214	0.105	0.447	0.233
0.143	0.050	0.486	0.320
0.102	0.083	0.550	0.265
0.031	0.041	0.625	0.303
0.027	0.028	0.685	0.260
0.027	0.035	0.687	0.251
0.051	0.027	0.647	0.275
0.064	0.017	0.649	0.270
0.017	0.042	0.735	0.206
0.048	0.015	0.697	0.240
0.025	0.030	0.751	0.194
0.001	0.082	0.721	0.196
>RASAKCABACGA	5-RASAKCABACGA	9.373106	0.000000	0	T:0.0(0.00%),B:0.8(100.00%),P:1e0	Tpos:0.0,Tstd:0.0,Bpos:499750.0,Bstd:0.0,StrandBias:0.0,Multiplicity:1.00
0.328	0.108	0.374	0.191
0.698	0.030	0.138	0.134
0.123	0.383	0.423	0.070
0.487	0.045	0.188	0.280
0.001	0.097	0.453	0.449
0.293	0.693	0.001	0.013
0.801	0.001	0.197	0.001
0.122	0.226	0.362	0.290
0.902	0.004	0.058	0.036
0.347	0.540	0.052	0.061
0.177	0.021	0.722	0.080
0.454	0.166	0.124	0.256
