>WGCAGAATGCCA	2-WGCAGAATGCCA	12.277897	0.000000	0	T:26.0(2.72%),B:0.8(100.00%),P:1e0
0.385	0.080	0.059	0.477
0.001	0.071	0.917	0.011
0.042	0.858	0.099	0.001
0.683	0.198	0.026	0.093
0.256	0.004	0.589	0.151
0.701	0.147	0.105	0.047
0.793	0.136	0.001	0.070
0.205	0.009	0.210	0.576
0.037	0.040	0.921	0.002
0.048	0.800	0.119	0.033
0.202	0.632	0.164	0.002
0.569	0.121	0.203	0.107
