>NCTGATCMCS	1-NCTGATCMCS	7.523694	0.000000	0	T:15276.0(2.63%),B:0.8(100.00%),P:1e0	Tpos:24.2,Tstd:11.9,Bpos:2193165.7,Bstd:1235272.3,StrandBias:-0.1,Multiplicity:1.22
0.313	0.254	0.207	0.225
0.037	0.912	0.026	0.025
0.340	0.010	0.001	0.649
0.004	0.265	0.708	0.023
0.430	0.218	0.145	0.207
0.138	0.159	0.191	0.512
0.012	0.653	0.288	0.047
0.466	0.340	0.022	0.172
0.125	0.566	0.049	0.260
0.165	0.279	0.355	0.200
>WTCCCCTGGV	2-WTCCCCTGGV	8.113489	0.000000	0	T:7494.0(1.29%),B:0.8(100.00%),P:1e0	Tpos:24.2,Tstd:11.3,Bpos:2428202.6,Bstd:1276557.4,StrandBias:0.3,Multiplicity:1.00
0.393	0.175	0.179	0.253
0.187	0.185	0.117	0.511
0.001	0.552	0.152	0.295
0.011	0.735	0.001	0.253
0.107	0.891	0.001	0.001
0.246	0.506	0.001	0.247
0.197	0.001	0.261	0.541
0.001	0.001	0.818	0.180
0.161	0.229	0.521	0.089
0.376	0.229	0.255	0.141
>DGWGCAGGVD	3-DGWGCAGGVD	6.858168	0.000000	0	T:1156.0(0.20%),B:0.8(100.00%),P:1e0	Tpos:25.6,Tstd:11.7,Bpos:2393389.0,Bstd:839570.5,StrandBias:0.1,Multiplicity:1.00
0.327	0.001	0.262	0.411
0.056	0.355	0.588	0.001
0.398	0.176	0.157	0.270
0.189	0.194	0.407	0.209
0.017	0.669	0.313	0.001
0.675	0.001	0.001	0.323
0.001	0.001	0.898	0.100
0.197	0.138	0.488	0.178
0.265	0.355	0.352	0.029
0.330	0.176	0.277	0.217
>CAGTCCATGG	4-CAGTCCATGG	13.792995	0.000000	0	T:8198.0(1.41%),B:0.8(100.00%),P:1e0	Tpos:25.4,Tstd:11.9,Bpos:2091481.5,Bstd:783580.9,StrandBias:0.3,Multiplicity:1.00
0.001	0.997	0.001	0.001
0.997	0.001	0.001	0.001
0.001	0.001	0.997	0.001
0.001	0.001	0.001	0.997
0.001	0.997	0.001	0.001
0.001	0.997	0.001	0.001
0.997	0.001	0.001	0.001
0.001	0.001	0.001	0.997
0.001	0.001	0.997	0.001
0.001	0.040	0.958	0.001
>BCMTGRDCAG	5-BCMTGRDCAG	6.767410	0.000000	0	T:10082.0(1.73%),B:0.8(100.00%),P:1e0	Tpos:24.1,Tstd:12.1,Bpos:1932471.8,Bstd:876287.2,StrandBias:0.2,Multiplicity:1.14
0.176	0.238	0.360	0.226
0.184	0.544	0.270	0.002
0.453	0.359	0.046	0.142
0.259	0.001	0.241	0.498
0.001	0.225	0.773	0.001
0.411	0.215	0.274	0.099
0.249	0.146	0.268	0.338
0.169	0.531	0.299	0.001
0.607	0.001	0.001	0.391
0.002	0.229	0.542	0.227
>CACTGATCACGT	1-CACTGATCACGT	10.801410	0.000000	0	T:13841.0(2.38%),B:0.0(0.00%),P:1e0	Tpos:24.3,Tstd:11.5,Bpos:0.0,Bstd:0.0,StrandBias:-0.2,Multiplicity:1.17
0.143	0.519	0.191	0.147
0.527	0.154	0.136	0.183
0.031	0.869	0.098	0.002
0.287	0.002	0.001	0.710
0.001	0.202	0.791	0.006
0.569	0.161	0.093	0.177
0.120	0.128	0.187	0.565
0.001	0.769	0.229	0.001
0.618	0.230	0.001	0.151
0.099	0.509	0.121	0.271
0.101	0.251	0.601	0.047
0.189	0.203	0.138	0.469
>CATGCACTGATS	2-CATGCACTGATS	11.205531	0.000000	0	T:12981.0(2.23%),B:0.8(100.00%),P:1e0	Tpos:24.0,Tstd:13.6,Bpos:1948141.0,Bstd:0.0,StrandBias:-0.1,Multiplicity:1.05
0.150	0.602	0.163	0.085
0.614	0.281	0.014	0.091
0.115	0.021	0.164	0.700
0.005	0.143	0.666	0.186
0.015	0.746	0.238	0.001
0.665	0.222	0.001	0.112
0.134	0.683	0.161	0.022
0.182	0.001	0.032	0.785
0.001	0.120	0.853	0.026
0.487	0.259	0.210	0.045
0.252	0.076	0.157	0.515
0.116	0.447	0.309	0.128
>CCCACTCCAGTR	3-CCCACTCCAGTR	11.484417	0.000000	0	T:9364.0(1.61%),B:0.0(0.00%),P:1e0	Tpos:24.6,Tstd:11.4,Bpos:0.0,Bstd:0.0,StrandBias:0.3,Multiplicity:1.00
0.123	0.493	0.153	0.232
0.103	0.614	0.126	0.157
0.091	0.679	0.084	0.146
0.599	0.164	0.021	0.216
0.056	0.707	0.147	0.090
0.076	0.089	0.008	0.827
0.001	0.713	0.225	0.061
0.051	0.842	0.104	0.003
0.799	0.022	0.001	0.178
0.036	0.076	0.749	0.139
0.088	0.138	0.225	0.549
0.408	0.223	0.284	0.085
>CACACACACACA	4-CACACACACACA	15.694331	0.000000	0	T:1786.0(0.31%),B:0.0(0.00%),P:1e0	Tpos:26.0,Tstd:10.6,Bpos:0.0,Bstd:0.0,StrandBias:-0.5,Multiplicity:1.07
0.024	0.936	0.024	0.016
0.921	0.031	0.018	0.030
0.018	0.933	0.034	0.015
0.922	0.030	0.015	0.033
0.021	0.930	0.035	0.014
0.937	0.026	0.014	0.023
0.018	0.928	0.041	0.013
0.924	0.028	0.018	0.030
0.014	0.934	0.035	0.017
0.917	0.031	0.018	0.034
0.016	0.930	0.034	0.020
0.884	0.073	0.021	0.022
>VAYCCCATGGAC	5-VAYCCCATGGAC	10.403867	0.000000	0	T:5389.0(0.93%),B:0.0(0.00%),P:1e0	Tpos:24.2,Tstd:11.4,Bpos:0.0,Bstd:0.0,StrandBias:0.2,Multiplicity:1.00
0.321	0.246	0.290	0.143
0.580	0.141	0.075	0.204
0.083	0.367	0.138	0.412
0.057	0.593	0.096	0.254
0.039	0.710	0.081	0.170
0.057	0.926	0.004	0.013
0.642	0.248	0.002	0.108
0.126	0.002	0.233	0.639
0.008	0.046	0.876	0.070
0.072	0.244	0.663	0.021
0.630	0.128	0.120	0.122
0.186	0.438	0.206	0.170
>CCTGATCA	1-CCTGATCA	10.780306	0.000000	0	T:4603.0(0.79%),B:0.8(100.00%),P:1e0	Tpos:24.8,Tstd:12.3,Bpos:2067453.6,Bstd:1081195.6,StrandBias:0.0,Multiplicity:1.08
0.001	0.997	0.001	0.001
0.001	0.997	0.001	0.001
0.001	0.001	0.001	0.997
0.001	0.001	0.997	0.001
0.997	0.001	0.001	0.001
0.001	0.001	0.001	0.997
0.001	0.997	0.001	0.001
0.749	0.249	0.001	0.001
>CCTGGAGA	2-CCTGGAGA	10.222958	0.000000	0	T:18743.0(3.22%),B:0.8(100.00%),P:1e0	Tpos:25.2,Tstd:11.9,Bpos:2242439.1,Bstd:1076137.9,StrandBias:0.2,Multiplicity:1.02
0.034	0.949	0.009	0.008
0.076	0.917	0.001	0.006
0.121	0.001	0.001	0.877
0.001	0.001	0.997	0.001
0.006	0.010	0.983	0.001
0.931	0.001	0.059	0.009
0.014	0.053	0.928	0.005
0.650	0.004	0.019	0.327
>AGTGCATG	3-AGTGCATG	10.656833	0.000000	0	T:20553.0(3.54%),B:0.8(100.00%),P:1e0	Tpos:24.4,Tstd:12.5,Bpos:2137110.5,Bstd:1180932.0,StrandBias:0.2,Multiplicity:1.26
0.997	0.001	0.001	0.001
0.001	0.001	0.997	0.001
0.001	0.001	0.001	0.997
0.001	0.336	0.662	0.001
0.001	0.997	0.001	0.001
0.997	0.001	0.001	0.001
0.001	0.001	0.001	0.997
0.001	0.001	0.997	0.001
>CCCAGGGA	4-CCCAGGGA	10.772263	0.000000	0	T:10881.0(1.87%),B:0.8(100.00%),P:1e0	Tpos:26.0,Tstd:12.5,Bpos:2053602.5,Bstd:1177921.2,StrandBias:-0.0,Multiplicity:1.00
0.001	0.997	0.001	0.001
0.001	0.997	0.001	0.001
0.001	0.997	0.001	0.001
0.743	0.001	0.001	0.255
0.001	0.001	0.997	0.001
0.001	0.001	0.997	0.001
0.001	0.001	0.997	0.001
0.997	0.001	0.001	0.001
>CACTCCAG	5-CACTCCAG	8.625532	0.000000	0	T:17309.0(2.98%),B:0.8(100.00%),P:1e0	Tpos:24.6,Tstd:11.6,Bpos:2165695.2,Bstd:1092475.6,StrandBias:0.3,Multiplicity:1.00
0.064	0.715	0.152	0.069
0.649	0.185	0.002	0.164
0.057	0.701	0.184	0.058
0.139	0.015	0.003	0.843
0.011	0.603	0.345	0.041
0.053	0.761	0.183	0.003
0.823	0.001	0.001	0.175
0.036	0.056	0.821	0.087
