>CACTGATCACGT	1-CACTGATCACGT	10.801410	0.000000	0	T:13841.0(2.38%),B:0.0(0.00%),P:1e0	Tpos:24.3,Tstd:11.5,Bpos:0.0,Bstd:0.0,StrandBias:-0.2,Multiplicity:1.17
0.143	0.519	0.191	0.147
0.527	0.154	0.136	0.183
0.031	0.869	0.098	0.002
0.287	0.002	0.001	0.710
0.001	0.202	0.791	0.006
0.569	0.161	0.093	0.177
0.120	0.128	0.187	0.565
0.001	0.769	0.229	0.001
0.618	0.230	0.001	0.151
0.099	0.509	0.121	0.271
0.101	0.251	0.601	0.047
0.189	0.203	0.138	0.469
>CATGCACTGATS	2-CATGCACTGATS	11.205531	0.000000	0	T:12981.0(2.23%),B:0.8(100.00%),P:1e0	Tpos:24.0,Tstd:13.6,Bpos:1948141.0,Bstd:0.0,StrandBias:-0.1,Multiplicity:1.05
0.150	0.602	0.163	0.085
0.614	0.281	0.014	0.091
0.115	0.021	0.164	0.700
0.005	0.143	0.666	0.186
0.015	0.746	0.238	0.001
0.665	0.222	0.001	0.112
0.134	0.683	0.161	0.022
0.182	0.001	0.032	0.785
0.001	0.120	0.853	0.026
0.487	0.259	0.210	0.045
0.252	0.076	0.157	0.515
0.116	0.447	0.309	0.128
>CCCACTCCAGTR	3-CCCACTCCAGTR	11.484417	0.000000	0	T:9364.0(1.61%),B:0.0(0.00%),P:1e0	Tpos:24.6,Tstd:11.4,Bpos:0.0,Bstd:0.0,StrandBias:0.3,Multiplicity:1.00
0.123	0.493	0.153	0.232
0.103	0.614	0.126	0.157
0.091	0.679	0.084	0.146
0.599	0.164	0.021	0.216
0.056	0.707	0.147	0.090
0.076	0.089	0.008	0.827
0.001	0.713	0.225	0.061
0.051	0.842	0.104	0.003
0.799	0.022	0.001	0.178
0.036	0.076	0.749	0.139
0.088	0.138	0.225	0.549
0.408	0.223	0.284	0.085
>CACACACACACA	4-CACACACACACA	15.694331	0.000000	0	T:1786.0(0.31%),B:0.0(0.00%),P:1e0	Tpos:26.0,Tstd:10.6,Bpos:0.0,Bstd:0.0,StrandBias:-0.5,Multiplicity:1.07
0.024	0.936	0.024	0.016
0.921	0.031	0.018	0.030
0.018	0.933	0.034	0.015
0.922	0.030	0.015	0.033
0.021	0.930	0.035	0.014
0.937	0.026	0.014	0.023
0.018	0.928	0.041	0.013
0.924	0.028	0.018	0.030
0.014	0.934	0.035	0.017
0.917	0.031	0.018	0.034
0.016	0.930	0.034	0.020
0.884	0.073	0.021	0.022
>VAYCCCATGGAC	5-VAYCCCATGGAC	10.403867	0.000000	0	T:5389.0(0.93%),B:0.0(0.00%),P:1e0	Tpos:24.2,Tstd:11.4,Bpos:0.0,Bstd:0.0,StrandBias:0.2,Multiplicity:1.00
0.321	0.246	0.290	0.143
0.580	0.141	0.075	0.204
0.083	0.367	0.138	0.412
0.057	0.593	0.096	0.254
0.039	0.710	0.081	0.170
0.057	0.926	0.004	0.013
0.642	0.248	0.002	0.108
0.126	0.002	0.233	0.639
0.008	0.046	0.876	0.070
0.072	0.244	0.663	0.021
0.630	0.128	0.120	0.122
0.186	0.438	0.206	0.170
