>CCTGATCA	1-CCTGATCA	10.780306	0.000000	0	T:4603.0(0.79%),B:0.8(100.00%),P:1e0	Tpos:24.8,Tstd:12.3,Bpos:2067453.6,Bstd:1081195.6,StrandBias:0.0,Multiplicity:1.08
0.001	0.997	0.001	0.001
0.001	0.997	0.001	0.001
0.001	0.001	0.001	0.997
0.001	0.001	0.997	0.001
0.997	0.001	0.001	0.001
0.001	0.001	0.001	0.997
0.001	0.997	0.001	0.001
0.749	0.249	0.001	0.001
>CCTGGAGA	2-CCTGGAGA	10.222958	0.000000	0	T:18743.0(3.22%),B:0.8(100.00%),P:1e0	Tpos:25.2,Tstd:11.9,Bpos:2242439.1,Bstd:1076137.9,StrandBias:0.2,Multiplicity:1.02
0.034	0.949	0.009	0.008
0.076	0.917	0.001	0.006
0.121	0.001	0.001	0.877
0.001	0.001	0.997	0.001
0.006	0.010	0.983	0.001
0.931	0.001	0.059	0.009
0.014	0.053	0.928	0.005
0.650	0.004	0.019	0.327
>AGTGCATG	3-AGTGCATG	10.656833	0.000000	0	T:20553.0(3.54%),B:0.8(100.00%),P:1e0	Tpos:24.4,Tstd:12.5,Bpos:2137110.5,Bstd:1180932.0,StrandBias:0.2,Multiplicity:1.26
0.997	0.001	0.001	0.001
0.001	0.001	0.997	0.001
0.001	0.001	0.001	0.997
0.001	0.336	0.662	0.001
0.001	0.997	0.001	0.001
0.997	0.001	0.001	0.001
0.001	0.001	0.001	0.997
0.001	0.001	0.997	0.001
>CCCAGGGA	4-CCCAGGGA	10.772263	0.000000	0	T:10881.0(1.87%),B:0.8(100.00%),P:1e0	Tpos:26.0,Tstd:12.5,Bpos:2053602.5,Bstd:1177921.2,StrandBias:-0.0,Multiplicity:1.00
0.001	0.997	0.001	0.001
0.001	0.997	0.001	0.001
0.001	0.997	0.001	0.001
0.743	0.001	0.001	0.255
0.001	0.001	0.997	0.001
0.001	0.001	0.997	0.001
0.001	0.001	0.997	0.001
0.997	0.001	0.001	0.001
>CACTCCAG	5-CACTCCAG	8.625532	0.000000	0	T:17309.0(2.98%),B:0.8(100.00%),P:1e0	Tpos:24.6,Tstd:11.6,Bpos:2165695.2,Bstd:1092475.6,StrandBias:0.3,Multiplicity:1.00
0.064	0.715	0.152	0.069
0.649	0.185	0.002	0.164
0.057	0.701	0.184	0.058
0.139	0.015	0.003	0.843
0.011	0.603	0.345	0.041
0.053	0.761	0.183	0.003
0.823	0.001	0.001	0.175
0.036	0.056	0.821	0.087
