>NCTGATCMCN	1-NCTGATCMCN	7.143270	0.000000	0	T:16669.0(2.71%),B:0.8(100.00%),P:1e0	Tpos:24.0,Tstd:11.8,Bpos:2193165.7,Bstd:1235270.7,StrandBias:0.0,Multiplicity:1.22
0.284	0.255	0.226	0.235
0.044	0.873	0.046	0.037
0.341	0.018	0.002	0.639
0.005	0.274	0.685	0.036
0.416	0.215	0.149	0.220
0.127	0.161	0.215	0.496
0.014	0.650	0.287	0.049
0.454	0.324	0.028	0.194
0.117	0.578	0.061	0.244
0.197	0.270	0.316	0.217
>NTCCCATGGN	2-NTCCCATGGN	7.794234	0.000000	0	T:8254.0(1.34%),B:0.8(100.00%),P:1e0	Tpos:25.3,Tstd:12.1,Bpos:1019286.0,Bstd:0.0,StrandBias:0.3,Multiplicity:1.01
0.325	0.235	0.202	0.238
0.113	0.144	0.134	0.609
0.041	0.561	0.189	0.209
0.117	0.679	0.044	0.160
0.140	0.762	0.037	0.061
0.484	0.304	0.058	0.154
0.162	0.017	0.246	0.575
0.050	0.065	0.781	0.104
0.114	0.199	0.572	0.115
0.324	0.248	0.210	0.217
>DGAKCAGGCN	3-DGAKCAGGCN	7.261726	0.000000	0	T:1277.0(0.21%),B:0.8(100.00%),P:1e0	Tpos:24.7,Tstd:12.2,Bpos:1894477.7,Bstd:872375.4,StrandBias:-0.1,Multiplicity:1.02
0.293	0.092	0.288	0.327
0.096	0.247	0.608	0.049
0.489	0.184	0.157	0.170
0.133	0.179	0.282	0.405
0.078	0.690	0.231	0.001
0.748	0.005	0.002	0.245
0.035	0.018	0.786	0.161
0.129	0.151	0.603	0.117
0.193	0.461	0.258	0.088
0.306	0.215	0.252	0.227
>NCCTCTCCHN	4-NCCTCTCCHN	6.312243	0.000000	0	T:1711.0(0.28%),B:0.8(100.00%),P:1e0	Tpos:24.4,Tstd:12.2,Bpos:1587238.4,Bstd:773478.2,StrandBias:0.1,Multiplicity:1.00
0.208	0.268	0.237	0.287
0.080	0.467	0.212	0.242
0.176	0.541	0.001	0.282
0.177	0.311	0.046	0.466
0.018	0.533	0.139	0.310
0.170	0.325	0.001	0.504
0.001	0.492	0.187	0.320
0.001	0.997	0.001	0.001
0.403	0.308	0.001	0.288
0.181	0.256	0.293	0.270
>CTGHYCAKGN	5-CTGHYCAKGN	6.282468	0.000000	0	T:10768.0(1.75%),B:0.8(100.00%),P:1e0	Tpos:24.4,Tstd:12.3,Bpos:1932471.9,Bstd:876286.0,StrandBias:0.1,Multiplicity:1.12
0.251	0.453	0.274	0.022
0.400	0.001	0.001	0.598
0.001	0.316	0.521	0.162
0.334	0.253	0.162	0.250
0.091	0.284	0.236	0.389
0.001	0.761	0.237	0.001
0.500	0.253	0.001	0.246
0.170	0.060	0.336	0.434
0.002	0.294	0.525	0.179
0.236	0.321	0.244	0.200
