>CCTGATCA	1-CCTGATCA	10.776293	0.000000	0	T:4903.0(0.80%),B:0.8(100.00%),P:1e0	Tpos:24.8,Tstd:12.4,Bpos:2067453.6,Bstd:1081194.2,StrandBias:0.1,Multiplicity:1.08
0.001	0.997	0.001	0.001
0.001	0.997	0.001	0.001
0.001	0.001	0.001	0.997
0.001	0.001	0.997	0.001
0.997	0.001	0.001	0.001
0.001	0.001	0.001	0.997
0.001	0.997	0.001	0.001
0.746	0.252	0.001	0.001
>CCAGGGAN	2-CCAGGGAN	8.019320	0.000000	0	T:11804.0(1.92%),B:0.8(100.00%),P:1e0	Tpos:25.6,Tstd:12.4,Bpos:2189765.8,Bstd:1216626.7,StrandBias:-0.2,Multiplicity:1.01
0.056	0.642	0.146	0.156
0.109	0.808	0.082	0.001
0.739	0.053	0.001	0.207
0.077	0.001	0.795	0.127
0.052	0.001	0.863	0.084
0.057	0.057	0.885	0.001
0.687	0.058	0.197	0.058
0.274	0.184	0.253	0.290
>CATGCACT	3-CATGCACT	10.670336	0.000000	0	T:22026.0(3.58%),B:0.8(100.00%),P:1e0	Tpos:24.4,Tstd:12.5,Bpos:2137110.4,Bstd:1180930.4,StrandBias:0.0,Multiplicity:1.26
0.001	0.997	0.001	0.001
0.997	0.001	0.001	0.001
0.001	0.001	0.001	0.997
0.001	0.001	0.997	0.001
0.001	0.671	0.327	0.001
0.997	0.001	0.001	0.001
0.001	0.997	0.001	0.001
0.001	0.001	0.001	0.997
>CCTGGAGA	4-CCTGGAGA	10.849922	0.000000	0	T:19580.0(3.18%),B:0.8(100.00%),P:1e0	Tpos:25.2,Tstd:11.9,Bpos:2265292.1,Bstd:1064613.3,StrandBias:0.2,Multiplicity:1.02
0.001	0.997	0.001	0.001
0.001	0.997	0.001	0.001
0.001	0.001	0.001	0.997
0.001	0.001	0.997	0.001
0.001	0.001	0.997	0.001
0.997	0.001	0.001	0.001
0.001	0.001	0.997	0.001
0.803	0.001	0.001	0.195
>CHCTSCAG	5-CHCTSCAG	5.895535	0.000000	0	T:18286.0(2.97%),B:0.8(100.00%),P:1e0	Tpos:24.5,Tstd:11.5,Bpos:2165695.2,Bstd:1092474.2,StrandBias:0.3,Multiplicity:1.00
0.168	0.430	0.275	0.128
0.391	0.292	0.035	0.282
0.106	0.561	0.214	0.119
0.361	0.057	0.006	0.576
0.001	0.478	0.427	0.094
0.103	0.618	0.265	0.014
0.603	0.001	0.001	0.395
0.068	0.151	0.573	0.208
