>CHCYAGTCACMC	2-CHCYAGTCACMC	9.201105	0.000000	0	T:0.0(0.00%),B:0.8(100.00%),P:1e0
0.148	0.577	0.182	0.093
0.341	0.292	0.115	0.252
0.071	0.510	0.125	0.294
0.131	0.379	0.137	0.353
0.701	0.095	0.026	0.178
0.076	0.195	0.670	0.059
0.139	0.065	0.278	0.518
0.090	0.753	0.077	0.080
0.611	0.142	0.074	0.173
0.074	0.672	0.131	0.123
0.257	0.404	0.129	0.210
0.091	0.511	0.202	0.196
