>TGGCATTCTGCW	4-WGCAGAATGCCA	12.966113	0.000000	0	T:24.0(2.40%),B:0.8(100.00%),P:1e0
0.147	0.204	0.001	0.648
0.002	0.111	0.770	0.117
0.055	0.084	0.749	0.112
0.003	0.861	0.088	0.048
0.677	0.046	0.090	0.187
0.044	0.001	0.022	0.933
0.020	0.050	0.149	0.781
0.108	0.682	0.027	0.183
0.076	0.133	0.108	0.683
0.043	0.139	0.754	0.064
0.013	0.881	0.104	0.002
0.519	0.091	0.001	0.389
