>WGCAGAATGCCA	4-WGCAGAATGCCA,BestGuess:TEC1(MacIsaac)/Yeast(0.680)	12.966113	0.000000	0	T:24.0(2.40%),B:0.8(100.00%),P:1e0
0.389	0.001	0.091	0.519
0.002	0.104	0.881	0.013
0.064	0.754	0.139	0.043
0.683	0.108	0.133	0.076
0.183	0.027	0.682	0.108
0.781	0.149	0.050	0.020
0.933	0.022	0.001	0.044
0.187	0.090	0.046	0.677
0.048	0.088	0.861	0.003
0.112	0.749	0.084	0.055
0.117	0.770	0.111	0.002
0.648	0.001	0.204	0.147
