>GGGGGGGGGG	1-GGGGGGGGGG	10.296193	0.000000	0	T:386.0(29.81%),B:0.8(100.00%),P:1e0	Tpos:84.9,Tstd:9.6,Bpos:3905812.8,Bstd:999951.1,StrandBias:5.2,Multiplicity:1.10
0.100	0.100	0.700	0.100
0.100	0.100	0.700	0.100
0.100	0.100	0.700	0.100
0.100	0.100	0.700	0.100
0.100	0.100	0.700	0.100
0.100	0.100	0.700	0.100
0.100	0.100	0.700	0.100
0.100	0.100	0.700	0.100
0.100	0.100	0.700	0.100
0.100	0.100	0.700	0.100
>GGGGGGGGGG	2-GGGGGGGGGG	8.911089	0.000000	0	T:451.0(34.83%),B:0.8(100.00%),P:1e0	Tpos:83.8,Tstd:9.9,Bpos:0.0,Bstd:0.0,StrandBias:10.0,Multiplicity:1.10
0.068	0.060	0.561	0.311
0.026	0.090	0.574	0.310
0.001	0.053	0.568	0.378
0.005	0.005	0.728	0.262
0.003	0.051	0.644	0.302
0.004	0.030	0.647	0.319
0.012	0.048	0.659	0.281
0.007	0.055	0.641	0.297
0.002	0.046	0.723	0.229
0.001	0.039	0.627	0.333
>ATATGTRWMT	3-ATATGTRWMT	10.121157	0.000000	0	T:0.0(0.00%),B:0.8(100.00%),P:1e0	Tpos:0.0,Tstd:0.0,Bpos:2820286.9,Bstd:968718.7,StrandBias:0.0,Multiplicity:1.00
0.830	0.055	0.032	0.083
0.123	0.001	0.020	0.856
0.937	0.061	0.001	0.001
0.097	0.001	0.023	0.879
0.007	0.068	0.698	0.227
0.090	0.004	0.294	0.612
0.449	0.003	0.309	0.239
0.550	0.001	0.031	0.418
0.495	0.455	0.001	0.048
0.096	0.041	0.087	0.776
>RCATATGARW	4-RCATATGARW	8.532850	0.000000	0	T:0.0(0.00%),B:0.8(100.00%),P:1e0	Tpos:0.0,Tstd:0.0,Bpos:2089760.3,Bstd:1039661.8,StrandBias:0.0,Multiplicity:1.00
0.388	0.159	0.295	0.157
0.068	0.683	0.051	0.198
0.759	0.013	0.195	0.033
0.039	0.134	0.048	0.779
0.590	0.097	0.288	0.025
0.035	0.332	0.033	0.600
0.012	0.056	0.688	0.244
0.652	0.107	0.137	0.104
0.314	0.170	0.378	0.138
0.515	0.066	0.044	0.375
>CATATRTVKA	5-CATATRTVKA	7.857839	0.000000	0	T:2.0(0.15%),B:0.8(100.00%),P:1e0	Tpos:31.5,Tstd:0.5,Bpos:531491.0,Bstd:0.0,StrandBias:-10.0,Multiplicity:1.00
0.030	0.591	0.360	0.019
0.851	0.055	0.073	0.021
0.071	0.227	0.231	0.471
0.809	0.088	0.092	0.011
0.193	0.018	0.008	0.781
0.293	0.219	0.436	0.052
0.051	0.158	0.155	0.636
0.289	0.235	0.323	0.152
0.243	0.039	0.311	0.407
0.452	0.181	0.136	0.232
