>TTGCGCGTGACT	6-AGTCACGCGCAA	13.005713	0.000000	0	T:77.0(9.21%),B:0.0(0.00%),P:1e0
0.058	0.056	0.058	0.828
0.058	0.001	0.255	0.686
0.076	0.136	0.742	0.046
0.151	0.725	0.031	0.093
0.001	0.256	0.642	0.101
0.127	0.648	0.224	0.001
0.058	0.079	0.818	0.045
0.036	0.001	0.210	0.753
0.147	0.001	0.775	0.077
0.772	0.079	0.001	0.148
0.158	0.678	0.163	0.001
0.022	0.001	0.142	0.835
