>GCTTTTCCSAGY	9-RCTSGGAAAAGC	10.817776	0.000000	0	T:0.0(0.00%),B:0.8(100.00%),P:1e0
0.001	0.050	0.686	0.263
0.001	0.576	0.422	0.001
0.001	0.047	0.001	0.951
0.097	0.157	0.047	0.699
0.001	0.001	0.417	0.581
0.051	0.339	0.001	0.609
0.001	0.645	0.307	0.047
0.001	0.787	0.211	0.001
0.086	0.397	0.353	0.165
0.615	0.001	0.058	0.326
0.023	0.099	0.609	0.269
0.211	0.424	0.001	0.363
