>CACACACACACA	4-CACACACACACA,BestGuess:SeqBias: CA-repeat(0.912)	15.694331	0.000000	0	T:1786.0(0.31%),B:0.0(0.00%),P:1e0
0.024	0.936	0.024	0.016
0.921	0.031	0.018	0.030
0.018	0.933	0.034	0.015
0.922	0.030	0.015	0.033
0.021	0.930	0.035	0.014
0.937	0.026	0.014	0.023
0.018	0.928	0.041	0.013
0.924	0.028	0.018	0.030
0.014	0.934	0.035	0.017
0.917	0.031	0.018	0.034
0.016	0.930	0.034	0.020
0.884	0.073	0.021	0.022
