>VAYCCCATGGAC	5-VAYCCCATGGAC	10.403867	0.000000	0	T:5389.0(0.93%),B:0.0(0.00%),P:1e0
0.321	0.246	0.290	0.143
0.580	0.141	0.075	0.204
0.083	0.367	0.138	0.412
0.057	0.593	0.096	0.254
0.039	0.710	0.081	0.170
0.057	0.926	0.004	0.013
0.642	0.248	0.002	0.108
0.126	0.002	0.233	0.639
0.008	0.046	0.876	0.070
0.072	0.244	0.663	0.021
0.630	0.128	0.120	0.122
0.186	0.438	0.206	0.170
