>GGGGGGGGGG	1-GGGGGGGGGG	8.718945	0.000000	0	T:14.0(2.04%),B:0.8(100.00%),P:1e0	Tpos:40.4,Tstd:3.5,Bpos:3905812.8,Bstd:999897.0,StrandBias:10.0,Multiplicity:1.00
0.211	0.122	0.531	0.136
0.185	0.109	0.544	0.162
0.094	0.093	0.648	0.165
0.099	0.118	0.653	0.130
0.185	0.049	0.626	0.140
0.076	0.099	0.572	0.253
0.110	0.104	0.657	0.129
0.183	0.056	0.520	0.241
0.103	0.034	0.646	0.217
0.123	0.130	0.604	0.143
>HAGTGCCTGG	2-HAGTGCCTGG	9.453588	0.000000	0	T:0.0(0.00%),B:0.8(100.00%),P:1e0	Tpos:0.0,Tstd:0.0,Bpos:2878259.9,Bstd:1187260.3,StrandBias:0.0,Multiplicity:1.00
0.371	0.295	0.001	0.333
0.636	0.001	0.001	0.362
0.257	0.001	0.524	0.218
0.001	0.371	0.001	0.627
0.001	0.133	0.865	0.001
0.390	0.608	0.001	0.001
0.090	0.803	0.024	0.083
0.001	0.001	0.001	0.997
0.001	0.001	0.669	0.329
0.392	0.050	0.557	0.001
>CTCCAGTCAA	3-CTCCAGTCAA	10.000612	0.000000	0	T:0.0(0.00%),B:0.8(100.00%),P:1e0	Tpos:0.0,Tstd:0.0,Bpos:1780164.7,Bstd:1099159.6,StrandBias:0.0,Multiplicity:1.00
0.269	0.487	0.243	0.001
0.009	0.001	0.053	0.937
0.001	0.710	0.288	0.001
0.240	0.758	0.001	0.001
0.842	0.104	0.001	0.053
0.016	0.403	0.580	0.001
0.013	0.352	0.040	0.595
0.123	0.844	0.032	0.001
0.608	0.387	0.004	0.001
0.574	0.269	0.002	0.155
>NMAGTCAYAG	4-NMAGTCAYAG	6.776180	0.000000	0	T:0.0(0.00%),B:0.8(100.00%),P:1e0	Tpos:0.0,Tstd:0.0,Bpos:2168187.0,Bstd:1116255.7,StrandBias:0.0,Multiplicity:1.00
0.171	0.205	0.320	0.304
0.358	0.469	0.083	0.090
0.670	0.122	0.099	0.109
0.092	0.223	0.560	0.125
0.111	0.143	0.145	0.601
0.085	0.732	0.108	0.075
0.406	0.214	0.132	0.247
0.202	0.384	0.142	0.271
0.513	0.130	0.246	0.111
0.202	0.162	0.422	0.214
>CAAMCGCCTT	5-CAAMCGCCTT	8.558519	0.000000	0	T:0.0(0.00%),B:0.8(100.00%),P:1e0	Tpos:0.0,Tstd:0.0,Bpos:2356033.4,Bstd:1062871.3,StrandBias:0.0,Multiplicity:1.00
0.161	0.488	0.075	0.276
0.612	0.138	0.127	0.123
0.523	0.050	0.080	0.347
0.419	0.311	0.105	0.165
0.023	0.797	0.072	0.108
0.033	0.262	0.598	0.107
0.029	0.815	0.075	0.081
0.160	0.576	0.232	0.032
0.275	0.061	0.191	0.474
0.031	0.117	0.136	0.716
