>TGTGTGTGTGTG	5-TGTGTGTGTGTG,BestGuess:SeqBias: CA-repeat(0.918)	12.314959	0.000000	0	T:1009.0(0.16%),B:0.0(0.00%),P:1e0
0.129	0.132	0.199	0.540
0.076	0.159	0.701	0.064
0.116	0.046	0.103	0.735
0.023	0.183	0.759	0.035
0.108	0.051	0.116	0.725
0.015	0.190	0.720	0.075
0.089	0.041	0.130	0.740
0.015	0.198	0.739	0.048
0.134	0.040	0.088	0.738
0.014	0.142	0.774	0.070
0.132	0.090	0.117	0.661
0.095	0.167	0.584	0.154
