>ACGTGATCAGTG	1-ACGTGATCAGTG,BestGuess:TGA4/MA1335.1/Jaspar(0.666)	12.263794	0.000000	0	T:5131.0(0.82%),B:0.0(0.00%),P:1e0
0.563	0.146	0.142	0.149
0.015	0.721	0.174	0.090
0.164	0.121	0.616	0.099
0.122	0.023	0.167	0.688
0.001	0.321	0.676	0.002
0.675	0.100	0.068	0.157
0.069	0.112	0.142	0.677
0.001	0.891	0.107	0.001
0.803	0.012	0.029	0.156
0.043	0.074	0.820	0.063
0.094	0.144	0.117	0.645
0.135	0.145	0.628	0.092
