>GTCCATGGGRTY	4-GTCCATGGGRTY	11.153353	0.000000	0	T:1302.0(0.21%),B:0.0(0.00%),P:1e0
0.140	0.187	0.504	0.169
0.095	0.096	0.112	0.697
0.015	0.706	0.202	0.077
0.052	0.858	0.078	0.012
0.706	0.183	0.004	0.107
0.074	0.009	0.217	0.700
0.013	0.027	0.912	0.048
0.150	0.079	0.714	0.057
0.193	0.104	0.643	0.060
0.391	0.130	0.412	0.067
0.178	0.062	0.114	0.646
0.129	0.320	0.196	0.355
