>ACTGGAGTGGGT	2-ACTGGAGTGGGT	11.337892	0.000000	0	T:6084.0(0.97%),B:0.0(0.00%),P:1e0
0.454	0.207	0.237	0.102
0.159	0.684	0.112	0.045
0.225	0.001	0.052	0.722
0.001	0.037	0.943	0.019
0.114	0.176	0.709	0.001
0.748	0.037	0.112	0.103
0.126	0.122	0.701	0.051
0.233	0.051	0.181	0.535
0.149	0.057	0.648	0.146
0.128	0.097	0.699	0.076
0.219	0.112	0.621	0.048
0.204	0.132	0.241	0.423
