>AAASGCCAGCAA	2-TTGCTGGCSTTT	13.139488	0.000000	0	T:12.0(1.20%),B:0.8(100.00%),P:1e0
0.699	0.222	0.066	0.013
0.968	0.003	0.021	0.008
0.846	0.116	0.029	0.009
0.150	0.403	0.408	0.040
0.001	0.033	0.904	0.062
0.067	0.786	0.146	0.001
0.071	0.841	0.087	0.001
0.727	0.140	0.077	0.056
0.112	0.002	0.790	0.096
0.014	0.633	0.275	0.078
0.776	0.061	0.090	0.073
0.770	0.003	0.129	0.098
