>TTGCTGGCSTTT	2-TTGCTGGCSTTT,BestGuess:Vts1p(SAM)/Saccharomyces_cerevisiae-RNCMPT00111-PBM/HughesRNA(0.694)	13.139488	0.000000	0	T:12.0(1.20%),B:0.8(100.00%),P:1e0
0.098	0.129	0.003	0.770
0.073	0.090	0.061	0.776
0.078	0.275	0.633	0.014
0.096	0.790	0.002	0.112
0.056	0.077	0.140	0.727
0.001	0.087	0.841	0.071
0.001	0.146	0.786	0.067
0.062	0.904	0.033	0.001
0.040	0.408	0.403	0.150
0.009	0.029	0.116	0.846
0.008	0.021	0.003	0.968
0.013	0.066	0.222	0.699
