>GGGGGGGGGGGG	7-GGGGGGGGGGGG	11.767489	0.000000	0	T:9.0(1.08%),B:0.8(100.00%),P:1e0
0.078	0.133	0.576	0.213
0.077	0.164	0.582	0.177
0.102	0.152	0.616	0.130
0.117	0.115	0.653	0.115
0.122	0.064	0.682	0.132
0.161	0.067	0.627	0.145
0.146	0.060	0.659	0.135
0.117	0.042	0.710	0.131
0.111	0.058	0.734	0.097
0.092	0.043	0.764	0.101
0.102	0.058	0.727	0.113
0.089	0.083	0.699	0.129
