>RCTSGGAAAAGC	9-RCTSGGAAAAGC,BestGuess:dl/dmmpmm(Pollard)/fly(0.669)	10.817776	0.000000	0	T:0.0(0.00%),B:0.8(100.00%),P:1e0
0.363	0.001	0.424	0.211
0.269	0.609	0.099	0.023
0.326	0.058	0.001	0.615
0.165	0.353	0.397	0.086
0.001	0.211	0.787	0.001
0.047	0.307	0.645	0.001
0.609	0.001	0.339	0.051
0.581	0.417	0.001	0.001
0.699	0.047	0.157	0.097
0.951	0.001	0.047	0.001
0.001	0.422	0.576	0.001
0.263	0.686	0.050	0.001
