>TCGGAAGMGGRA	11-TCGGAAGMGGRA,BestGuess:ZBTB7A/MA0750.2/Jaspar(0.703)	10.106733	0.000000	0	T:0.0(0.00%),B:0.8(100.00%),P:1e0
0.022	0.140	0.250	0.588
0.284	0.499	0.216	0.001
0.001	0.001	0.767	0.231
0.140	0.164	0.613	0.083
0.578	0.158	0.263	0.001
0.697	0.009	0.164	0.130
0.001	0.152	0.765	0.082
0.371	0.385	0.200	0.045
0.001	0.079	0.898	0.022
0.197	0.270	0.532	0.001
0.394	0.236	0.337	0.032
0.492	0.186	0.251	0.071
