>MMSMGCACRCRC	3-MMSMGCACRCRC	7.870752	0.000000	0	T:0.0(0.00%),B:0.8(100.00%),P:1e0
0.402	0.495	0.067	0.036
0.326	0.367	0.204	0.104
0.225	0.404	0.334	0.038
0.361	0.359	0.170	0.111
0.051	0.121	0.495	0.334
0.084	0.664	0.224	0.028
0.701	0.112	0.142	0.045
0.291	0.449	0.259	0.001
0.405	0.090	0.437	0.068
0.271	0.661	0.067	0.001
0.365	0.052	0.498	0.085
0.227	0.396	0.204	0.173
