>DCACRCGYCWGV	4-DCACRCGYCWGV	8.522117	0.000000	0	T:0.0(0.00%),B:0.8(100.00%),P:1e0
0.251	0.077	0.309	0.363
0.104	0.573	0.248	0.075
0.547	0.218	0.132	0.103
0.081	0.689	0.148	0.082
0.311	0.191	0.387	0.111
0.061	0.670	0.086	0.183
0.064	0.153	0.667	0.116
0.091	0.384	0.151	0.374
0.331	0.519	0.094	0.056
0.433	0.128	0.150	0.289
0.073	0.112	0.690	0.125
0.371	0.236	0.232	0.161
