>NRDGVDGN	1-NRDGVDGN	3.744677	0.000000	0	T:2258.0(0.36%),B:0.8(100.00%),P:1e0	Tpos:24.4,Tstd:12.4,Bpos:2294660.5,Bstd:1069254.2,StrandBias:0.0,Multiplicity:1.01
0.284	0.193	0.295	0.228
0.291	0.264	0.438	0.007
0.353	0.053	0.358	0.235
0.288	0.246	0.459	0.008
0.356	0.244	0.268	0.132
0.375	0.009	0.344	0.273
0.209	0.008	0.716	0.067
0.267	0.241	0.318	0.174
>CTCCTCCY	2-CTCCTCCY	10.102741	0.000000	0	T:5353.0(0.85%),B:0.8(100.00%),P:1e0	Tpos:24.7,Tstd:12.5,Bpos:2181684.4,Bstd:1178340.9,StrandBias:-0.4,Multiplicity:1.01
0.001	0.997	0.001	0.001
0.001	0.001	0.001	0.997
0.001	0.760	0.001	0.238
0.001	0.997	0.001	0.001
0.001	0.001	0.001	0.997
0.001	0.997	0.001	0.001
0.001	0.997	0.001	0.001
0.010	0.491	0.001	0.499
>CCAGGGAA	3-CCAGGGAA	10.736832	0.000000	0	T:6062.0(0.96%),B:0.8(100.00%),P:1e0	Tpos:23.8,Tstd:12.5,Bpos:2206309.3,Bstd:1143200.3,StrandBias:-0.4,Multiplicity:1.01
0.012	0.961	0.014	0.013
0.001	0.997	0.001	0.001
0.997	0.001	0.001	0.001
0.001	0.001	0.997	0.001
0.001	0.001	0.997	0.001
0.001	0.001	0.997	0.001
0.997	0.001	0.001	0.001
0.744	0.009	0.230	0.017
>CTCCAGGS	4-CTCCAGGS	10.070042	0.000000	0	T:8440.0(1.34%),B:0.8(100.00%),P:1e0	Tpos:25.8,Tstd:11.9,Bpos:2232842.7,Bstd:1077717.4,StrandBias:-0.3,Multiplicity:1.01
0.006	0.992	0.001	0.001
0.001	0.001	0.001	0.997
0.001	0.997	0.001	0.001
0.001	0.997	0.001	0.001
0.997	0.001	0.001	0.001
0.001	0.001	0.997	0.001
0.001	0.001	0.997	0.001
0.184	0.370	0.369	0.078
>CTGGAGTG	5-CTGGAGTG	9.143845	0.000000	0	T:12007.0(1.91%),B:0.8(100.00%),P:1e0	Tpos:24.0,Tstd:11.5,Bpos:2153349.2,Bstd:1093022.3,StrandBias:-0.4,Multiplicity:1.00
0.060	0.903	0.029	0.008
0.117	0.002	0.001	0.880
0.001	0.097	0.886	0.016
0.030	0.351	0.618	0.001
0.874	0.006	0.012	0.108
0.058	0.079	0.803	0.060
0.111	0.032	0.241	0.616
0.090	0.095	0.759	0.056
