>ATCCCATGGA	1-ATCCCATGGA	13.664496	0.000000	0	T:5133.0(0.82%),B:0.8(100.00%),P:1e0	Tpos:25.8,Tstd:12.4,Bpos:1019286.0,Bstd:0.0,StrandBias:0.4,Multiplicity:1.00
0.921	0.023	0.033	0.023
0.001	0.001	0.001	0.997
0.001	0.997	0.001	0.001
0.001	0.997	0.001	0.001
0.001	0.997	0.001	0.001
0.997	0.001	0.001	0.001
0.001	0.001	0.001	0.997
0.001	0.001	0.997	0.001
0.001	0.001	0.997	0.001
0.912	0.021	0.052	0.015
>TCCTCTCCAG	2-TCCTCTCCAG	13.637451	0.000000	0	T:1780.0(0.28%),B:0.8(100.00%),P:1e0	Tpos:24.0,Tstd:12.1,Bpos:1587238.4,Bstd:773426.8,StrandBias:-0.1,Multiplicity:1.00
0.001	0.178	0.001	0.820
0.001	0.997	0.001	0.001
0.001	0.997	0.001	0.001
0.001	0.001	0.001	0.997
0.001	0.997	0.001	0.001
0.001	0.001	0.001	0.997
0.001	0.997	0.001	0.001
0.001	0.997	0.001	0.001
0.997	0.001	0.001	0.001
0.001	0.001	0.997	0.001
>CCTACTCCAG	3-CCTACTCCAG	13.701227	0.000000	0	T:639.0(0.10%),B:0.8(100.00%),P:1e0	Tpos:24.5,Tstd:11.4,Bpos:1481728.0,Bstd:880021.6,StrandBias:0.1,Multiplicity:1.01
0.001	0.874	0.001	0.124
0.001	0.997	0.001	0.001
0.001	0.001	0.001	0.997
0.997	0.001	0.001	0.001
0.001	0.997	0.001	0.001
0.001	0.001	0.001	0.997
0.001	0.997	0.001	0.001
0.001	0.997	0.001	0.001
0.997	0.001	0.001	0.001
0.001	0.001	0.997	0.001
>CTCCAGGGGA	4-CTCCAGGGGA	13.687402	0.000000	0	T:5047.0(0.80%),B:0.8(100.00%),P:1e0	Tpos:24.4,Tstd:11.3,Bpos:3021867.0,Bstd:837211.0,StrandBias:-0.4,Multiplicity:1.00
0.001	0.997	0.001	0.001
0.001	0.001	0.001	0.997
0.001	0.997	0.001	0.001
0.001	0.997	0.001	0.001
0.997	0.001	0.001	0.001
0.001	0.001	0.997	0.001
0.001	0.001	0.997	0.001
0.001	0.001	0.997	0.001
0.136	0.001	0.862	0.001
0.997	0.001	0.001	0.001
>TCAGTGCATG	5-TCAGTGCATG	13.790905	0.000000	0	T:5602.0(0.89%),B:0.8(100.00%),P:1e0	Tpos:24.3,Tstd:11.8,Bpos:1849883.7,Bstd:1362451.0,StrandBias:0.0,Multiplicity:1.24
0.001	0.001	0.001	0.997
0.001	0.997	0.001	0.001
0.997	0.001	0.001	0.001
0.001	0.001	0.997	0.001
0.001	0.001	0.001	0.997
0.001	0.042	0.956	0.001
0.001	0.997	0.001	0.001
0.997	0.001	0.001	0.001
0.001	0.001	0.001	0.997
0.001	0.001	0.997	0.001
>ACGTGATCAGTG	1-ACGTGATCAGTG	12.263794	0.000000	0	T:5131.0(0.82%),B:0.0(0.00%),P:1e0	Tpos:24.5,Tstd:11.5,Bpos:0.0,Bstd:0.0,StrandBias:0.1,Multiplicity:1.18
0.563	0.146	0.142	0.149
0.015	0.721	0.174	0.090
0.164	0.121	0.616	0.099
0.122	0.023	0.167	0.688
0.001	0.321	0.676	0.002
0.675	0.100	0.068	0.157
0.069	0.112	0.142	0.677
0.001	0.891	0.107	0.001
0.803	0.012	0.029	0.156
0.043	0.074	0.820	0.063
0.094	0.144	0.117	0.645
0.135	0.145	0.628	0.092
>ACTGGAGTGGGT	2-ACTGGAGTGGGT	11.337892	0.000000	0	T:6084.0(0.97%),B:0.0(0.00%),P:1e0	Tpos:23.4,Tstd:10.7,Bpos:0.0,Bstd:0.0,StrandBias:-0.4,Multiplicity:1.00
0.454	0.207	0.237	0.102
0.159	0.684	0.112	0.045
0.225	0.001	0.052	0.722
0.001	0.037	0.943	0.019
0.114	0.176	0.709	0.001
0.748	0.037	0.112	0.103
0.126	0.122	0.701	0.051
0.233	0.051	0.181	0.535
0.149	0.057	0.648	0.146
0.128	0.097	0.699	0.076
0.219	0.112	0.621	0.048
0.204	0.132	0.241	0.423
>ATTCTTGCCTGG	3-ATTCTTGCCTGG	12.355432	0.000000	0	T:4019.0(0.64%),B:0.8(100.00%),P:1e0	Tpos:25.6,Tstd:11.1,Bpos:2426702.0,Bstd:0.0,StrandBias:0.5,Multiplicity:1.00
0.700	0.100	0.100	0.100
0.100	0.100	0.100	0.700
0.100	0.100	0.100	0.700
0.100	0.700	0.100	0.100
0.100	0.100	0.100	0.700
0.100	0.100	0.100	0.700
0.100	0.100	0.700	0.100
0.100	0.700	0.100	0.100
0.100	0.700	0.100	0.100
0.100	0.100	0.100	0.700
0.100	0.100	0.700	0.100
0.100	0.100	0.700	0.100
>GTCCATGGGRTY	4-GTCCATGGGRTY	11.153353	0.000000	0	T:1302.0(0.21%),B:0.0(0.00%),P:1e0	Tpos:25.8,Tstd:10.7,Bpos:0.0,Bstd:0.0,StrandBias:0.3,Multiplicity:1.00
0.140	0.187	0.504	0.169
0.095	0.096	0.112	0.697
0.015	0.706	0.202	0.077
0.052	0.858	0.078	0.012
0.706	0.183	0.004	0.107
0.074	0.009	0.217	0.700
0.013	0.027	0.912	0.048
0.150	0.079	0.714	0.057
0.193	0.104	0.643	0.060
0.391	0.130	0.412	0.067
0.178	0.062	0.114	0.646
0.129	0.320	0.196	0.355
>TGTGTGTGTGTG	5-TGTGTGTGTGTG	12.314959	0.000000	0	T:1009.0(0.16%),B:0.0(0.00%),P:1e0	Tpos:25.9,Tstd:10.4,Bpos:0.0,Bstd:0.0,StrandBias:0.4,Multiplicity:1.07
0.129	0.132	0.199	0.540
0.076	0.159	0.701	0.064
0.116	0.046	0.103	0.735
0.023	0.183	0.759	0.035
0.108	0.051	0.116	0.725
0.015	0.190	0.720	0.075
0.089	0.041	0.130	0.740
0.015	0.198	0.739	0.048
0.134	0.040	0.088	0.738
0.014	0.142	0.774	0.070
0.132	0.090	0.117	0.661
0.095	0.167	0.584	0.154
>NRDGVDGN	1-NRDGVDGN	3.744677	0.000000	0	T:2258.0(0.36%),B:0.8(100.00%),P:1e0	Tpos:24.4,Tstd:12.4,Bpos:2294660.5,Bstd:1069254.2,StrandBias:0.0,Multiplicity:1.01
0.284	0.193	0.295	0.228
0.291	0.264	0.438	0.007
0.353	0.053	0.358	0.235
0.288	0.246	0.459	0.008
0.356	0.244	0.268	0.132
0.375	0.009	0.344	0.273
0.209	0.008	0.716	0.067
0.267	0.241	0.318	0.174
>CTCCTCCY	2-CTCCTCCY	10.102741	0.000000	0	T:5353.0(0.85%),B:0.8(100.00%),P:1e0	Tpos:24.7,Tstd:12.5,Bpos:2181684.4,Bstd:1178340.9,StrandBias:-0.4,Multiplicity:1.01
0.001	0.997	0.001	0.001
0.001	0.001	0.001	0.997
0.001	0.760	0.001	0.238
0.001	0.997	0.001	0.001
0.001	0.001	0.001	0.997
0.001	0.997	0.001	0.001
0.001	0.997	0.001	0.001
0.010	0.491	0.001	0.499
>CCAGGGAA	3-CCAGGGAA	10.736832	0.000000	0	T:6062.0(0.96%),B:0.8(100.00%),P:1e0	Tpos:23.8,Tstd:12.5,Bpos:2206309.3,Bstd:1143200.3,StrandBias:-0.4,Multiplicity:1.01
0.012	0.961	0.014	0.013
0.001	0.997	0.001	0.001
0.997	0.001	0.001	0.001
0.001	0.001	0.997	0.001
0.001	0.001	0.997	0.001
0.001	0.001	0.997	0.001
0.997	0.001	0.001	0.001
0.744	0.009	0.230	0.017
>CTCCAGGS	4-CTCCAGGS	10.070042	0.000000	0	T:8440.0(1.34%),B:0.8(100.00%),P:1e0	Tpos:25.8,Tstd:11.9,Bpos:2232842.7,Bstd:1077717.4,StrandBias:-0.3,Multiplicity:1.01
0.006	0.992	0.001	0.001
0.001	0.001	0.001	0.997
0.001	0.997	0.001	0.001
0.001	0.997	0.001	0.001
0.997	0.001	0.001	0.001
0.001	0.001	0.997	0.001
0.001	0.001	0.997	0.001
0.184	0.370	0.369	0.078
>CTGGAGTG	5-CTGGAGTG	9.143845	0.000000	0	T:12007.0(1.91%),B:0.8(100.00%),P:1e0	Tpos:24.0,Tstd:11.5,Bpos:2153349.2,Bstd:1093022.3,StrandBias:-0.4,Multiplicity:1.00
0.060	0.903	0.029	0.008
0.117	0.002	0.001	0.880
0.001	0.097	0.886	0.016
0.030	0.351	0.618	0.001
0.874	0.006	0.012	0.108
0.058	0.079	0.803	0.060
0.111	0.032	0.241	0.616
0.090	0.095	0.759	0.056
