>GCCAGBCGMWTA	3-GCCAGBCGMWTA	8.971194	0.000000	0	T:0.0(0.00%),B:0.8(100.00%),P:1e0
0.165	0.238	0.457	0.141
0.058	0.719	0.142	0.081
0.325	0.601	0.035	0.039
0.709	0.119	0.107	0.065
0.061	0.192	0.666	0.081
0.169	0.246	0.357	0.228
0.166	0.608	0.100	0.126
0.277	0.160	0.456	0.107
0.375	0.463	0.159	0.003
0.366	0.109	0.169	0.356
0.199	0.139	0.188	0.474
0.633	0.176	0.090	0.101
