>ACTSCAKATGBV	5-BVCATMTGSAGT	9.536393	0.000000	0	T:0.0(0.00%),B:0.8(100.00%),P:1e0
0.713	0.012	0.037	0.238
0.217	0.625	0.097	0.061
0.012	0.056	0.386	0.546
0.174	0.366	0.282	0.177
0.015	0.642	0.342	0.001
0.934	0.013	0.001	0.052
0.001	0.004	0.426	0.569
0.682	0.257	0.013	0.048
0.078	0.234	0.002	0.686
0.099	0.301	0.566	0.034
0.094	0.341	0.287	0.278
0.312	0.301	0.279	0.108
