>BVCATMTGSAGT	5-BVCATMTGSAGT,BestGuess:Bhlha15/MA0607.1/Jaspar(0.760)	9.536393	0.000000	0	T:0.0(0.00%),B:0.8(100.00%),P:1e0
0.108	0.279	0.301	0.312
0.278	0.287	0.341	0.094
0.034	0.566	0.301	0.099
0.686	0.002	0.234	0.078
0.048	0.013	0.257	0.682
0.569	0.426	0.004	0.001
0.052	0.001	0.013	0.934
0.001	0.342	0.642	0.015
0.177	0.282	0.366	0.174
0.546	0.386	0.056	0.012
0.061	0.097	0.625	0.217
0.238	0.037	0.012	0.713
