>NCTGATCMCS	1-NCTGATCMCS	7.523694	0.000000	0	T:15276.0(2.63%),B:0.8(100.00%),P:1e0	Tpos:24.2,Tstd:11.9,Bpos:2193165.7,Bstd:1235272.3,StrandBias:-0.1,Multiplicity:1.22
0.313	0.254	0.207	0.225
0.037	0.912	0.026	0.025
0.340	0.010	0.001	0.649
0.004	0.265	0.708	0.023
0.430	0.218	0.145	0.207
0.138	0.159	0.191	0.512
0.012	0.653	0.288	0.047
0.466	0.340	0.022	0.172
0.125	0.566	0.049	0.260
0.165	0.279	0.355	0.200
>WTCCCCTGGV	2-WTCCCCTGGV	8.113489	0.000000	0	T:7494.0(1.29%),B:0.8(100.00%),P:1e0	Tpos:24.2,Tstd:11.3,Bpos:2428202.6,Bstd:1276557.4,StrandBias:0.3,Multiplicity:1.00
0.393	0.175	0.179	0.253
0.187	0.185	0.117	0.511
0.001	0.552	0.152	0.295
0.011	0.735	0.001	0.253
0.107	0.891	0.001	0.001
0.246	0.506	0.001	0.247
0.197	0.001	0.261	0.541
0.001	0.001	0.818	0.180
0.161	0.229	0.521	0.089
0.376	0.229	0.255	0.141
>DGWGCAGGVD	3-DGWGCAGGVD	6.858168	0.000000	0	T:1156.0(0.20%),B:0.8(100.00%),P:1e0	Tpos:25.6,Tstd:11.7,Bpos:2393389.0,Bstd:839570.5,StrandBias:0.1,Multiplicity:1.00
0.327	0.001	0.262	0.411
0.056	0.355	0.588	0.001
0.398	0.176	0.157	0.270
0.189	0.194	0.407	0.209
0.017	0.669	0.313	0.001
0.675	0.001	0.001	0.323
0.001	0.001	0.898	0.100
0.197	0.138	0.488	0.178
0.265	0.355	0.352	0.029
0.330	0.176	0.277	0.217
>CAGTCCATGG	4-CAGTCCATGG	13.792995	0.000000	0	T:8198.0(1.41%),B:0.8(100.00%),P:1e0	Tpos:25.4,Tstd:11.9,Bpos:2091481.5,Bstd:783580.9,StrandBias:0.3,Multiplicity:1.00
0.001	0.997	0.001	0.001
0.997	0.001	0.001	0.001
0.001	0.001	0.997	0.001
0.001	0.001	0.001	0.997
0.001	0.997	0.001	0.001
0.001	0.997	0.001	0.001
0.997	0.001	0.001	0.001
0.001	0.001	0.001	0.997
0.001	0.001	0.997	0.001
0.001	0.040	0.958	0.001
>BCMTGRDCAG	5-BCMTGRDCAG	6.767410	0.000000	0	T:10082.0(1.73%),B:0.8(100.00%),P:1e0	Tpos:24.1,Tstd:12.1,Bpos:1932471.8,Bstd:876287.2,StrandBias:0.2,Multiplicity:1.14
0.176	0.238	0.360	0.226
0.184	0.544	0.270	0.002
0.453	0.359	0.046	0.142
0.259	0.001	0.241	0.498
0.001	0.225	0.773	0.001
0.411	0.215	0.274	0.099
0.249	0.146	0.268	0.338
0.169	0.531	0.299	0.001
0.607	0.001	0.001	0.391
0.002	0.229	0.542	0.227
