>GGGGGGGGGGGG	4-GGGGGGGGGGGG	10.719250	0.000000	0	T:176.0(16.68%),B:0.8(100.00%),P:1e0
0.214	0.105	0.447	0.233
0.143	0.050	0.486	0.320
0.102	0.083	0.550	0.265
0.031	0.041	0.625	0.303
0.027	0.028	0.685	0.260
0.027	0.035	0.687	0.251
0.051	0.027	0.647	0.275
0.064	0.017	0.649	0.270
0.017	0.042	0.735	0.206
0.048	0.015	0.697	0.240
0.025	0.030	0.751	0.194
0.001	0.082	0.721	0.196
