>TGSGGAAGGGCR	3-TGSGGAAGGGCR,BestGuess:ZNF467(Zf)/HEK293-ZNF467.GFP-ChIP-Seq(GSE58341)/Homer(0.729)	10.447083	0.000000	0	T:0.0(0.00%),B:0.8(100.00%),P:1e0
0.108	0.067	0.195	0.630
0.054	0.169	0.519	0.258
0.046	0.508	0.403	0.043
0.098	0.261	0.526	0.115
0.062	0.068	0.648	0.222
0.789	0.103	0.059	0.049
0.828	0.041	0.052	0.079
0.090	0.065	0.534	0.311
0.234	0.114	0.599	0.053
0.277	0.059	0.623	0.041
0.083	0.565	0.286	0.066
0.355	0.068	0.493	0.084
