>RASAKCABACGA	5-RASAKCABACGA	9.373106	0.000000	0	T:0.0(0.00%),B:0.8(100.00%),P:1e0
0.328	0.108	0.374	0.191
0.698	0.030	0.138	0.134
0.123	0.383	0.423	0.070
0.487	0.045	0.188	0.280
0.001	0.097	0.453	0.449
0.293	0.693	0.001	0.013
0.801	0.001	0.197	0.001
0.122	0.226	0.362	0.290
0.902	0.004	0.058	0.036
0.347	0.540	0.052	0.061
0.177	0.021	0.722	0.080
0.454	0.166	0.124	0.256
