>GKGGGGGGGGGG	4-GKGGGGGGGGGG	9.197796	0.000000	0	T:179.0(17.41%),B:0.8(100.00%),P:1e0
0.227	0.044	0.473	0.256
0.205	0.070	0.420	0.304
0.185	0.087	0.484	0.244
0.038	0.080	0.548	0.334
0.023	0.036	0.597	0.344
0.009	0.040	0.616	0.335
0.023	0.083	0.592	0.302
0.044	0.030	0.630	0.296
0.001	0.004	0.646	0.349
0.002	0.062	0.603	0.333
0.035	0.044	0.569	0.352
0.040	0.042	0.594	0.324
