>CACACACACACA	5-TGTGTGTGTGTG	12.314959	0.000000	0	T:1009.0(0.16%),B:0.0(0.00%),P:1e0
0.154	0.584	0.167	0.095
0.661	0.117	0.090	0.132
0.070	0.774	0.142	0.014
0.738	0.088	0.040	0.134
0.048	0.739	0.198	0.015
0.740	0.130	0.041	0.089
0.075	0.720	0.190	0.015
0.725	0.116	0.051	0.108
0.035	0.759	0.183	0.023
0.735	0.103	0.046	0.116
0.064	0.701	0.159	0.076
0.540	0.199	0.132	0.129
