>CACTGATCACGT	1-ACGTGATCAGTG	12.263794	0.000000	0	T:5131.0(0.82%),B:0.0(0.00%),P:1e0
0.092	0.628	0.145	0.135
0.645	0.117	0.144	0.094
0.063	0.820	0.074	0.043
0.156	0.029	0.012	0.803
0.001	0.107	0.891	0.001
0.677	0.142	0.112	0.069
0.157	0.068	0.100	0.675
0.002	0.676	0.321	0.001
0.688	0.167	0.023	0.122
0.099	0.616	0.121	0.164
0.090	0.174	0.721	0.015
0.149	0.142	0.146	0.563
